STATIONS_ID;MESS_DATUM;QN_3;  FX;  FM;QN_4; RSK;RSKF; SDK;SHK_TAG;  NM; VPM;  PM; TMK; UPM; TXK; TNK; TGK;eor
       5705;20230719;   10;  14.6;   2.3;    9;   7.3;   6;    7.400;   0;   6.5;  14.9;  982.00;   20.5;   65.00;   29.1;   14.8;   14.2;eor
       5705;20230720;   10;  11.1;   2.8;    9;   0.0;   0;   11.200;   0;   5.1;  13.1;  982.80;   20.0;   59.00;   25.4;   14.6;   13.4;eor
       5705;20230721;   10;  12.9;   1.8;    9;   0.3;   6;    2.500;   0;   7.4;  13.2;  981.00;   18.1;   64.00;   24.4;   14.8;   13.6;eor
       5705;20230722;   10;  11.7;   3.1;    9;   0.0;   0;    6.900;   0;   6.3;  12.3;  983.80;   19.1;   58.00;   26.1;   14.0;   12.4;eor
       5705;20230723;   10;  17.3;   5.6;    9;   0.0;   6;    7.700;   0;   7.6;  12.7;  980.60;   21.4;   51.00;   27.0;   15.0;   13.7;eor
       5705;20230724;   10;  16.9;   5.0;    9;   3.9;   6;    4.500;   0;   6.6;  16.3;  975.40;   19.7;   71.00;   25.3;   14.9;   13.4;eor
       5705;20230725;   10;  12.9;   2.8;    9;   2.8;   6;    2.100;   0;   7.8;  14.8;  974.90;   16.4;   79.00;   21.1;   13.4;   13.0;eor
       5705;20230726;   10;  12.3;   3.1;    9;   1.8;   6;    4.500;   0;   6.6;  12.0;  982.50;   14.8;   72.00;   20.1;   12.4;   11.2;eor
       5705;20230727;   10;  12.9;   3.8;    9;   8.2;   6;    0.000;   0;   7.6;  15.2;  979.80;   15.1;   88.00;   17.7;   10.9;   10.3;eor
       5705;20230728;   10;  12.3;   4.2;    9;   3.3;   6;    1.700;   0;   7.7;  18.5;  979.00;   18.7;   86.00;   24.0;   16.2;   15.9;eor
       5705;20230729;   10;  13.8;   4.3;    9;   4.8;   6;    6.900;   0;   5.5;  18.2;  979.10;   20.2;   79.00;   25.9;   16.4;   15.7;eor
       5705;20230730;   10;  15.2;   4.6;    9;   0.5;   6;    7.300;   0;   7.3;  15.0;  982.50;   19.0;   69.00;   23.3;   16.4;   15.5;eor
       5705;20230731;   10;  15.9;   6.7;    9;   5.4;   6;    2.100;   0;   7.9;  14.0;  980.80;   18.8;   65.00;   22.5;   16.0;   15.2;eor
       5705;20230801;   10;  16.3;   5.9;    9;   7.4;   6;    3.000;   0;   7.2;  16.0;  972.60;   16.9;   84.00;   22.7;   14.1;   13.2;eor
       5705;20230802;   10;  16.7;   5.5;    9;  12.4;   6;    0.800;   0;   6.6;  16.8;  969.80;   16.4;   89.00;   20.8;   12.7;   12.2;eor
       5705;20230803;   10;  24.2;   8.9;    9;   0.0;   0;    7.400;   0;   4.6;  14.1;  973.60;   18.0;   69.00;   21.7;   13.9;   12.3;eor
       5705;20230804;   10;   7.4;   2.1;    9;   2.2;   6;    4.600;   0;   7.2;  15.5;  981.40;   16.9;   81.00;   22.4;   13.8;   12.8;eor
       5705;20230805;   10;   5.9;   2.1;    9;   2.5;   6;    5.800;   0;   6.0;  14.2;  981.40;   18.3;   69.00;   22.8;   14.1;   13.3;eor
       5705;20230806;   10;  16.8;   6.1;    9;  10.6;   6;    1.800;   0;   7.5;  14.3;  976.40;   14.3;   87.00;   18.3;   11.9;   11.4;eor
       5705;20230807;   10;  17.0;   6.6;    9;   0.0;   6;    3.400;   0;   6.7;  11.9;  983.60;   13.3;   79.00;   17.8;   11.1;   10.3;eor
       5705;20230808;   10;  13.6;   4.6;    9;   4.7;   6;    8.200;   0;   6.6;  11.5;  984.40;   16.2;   64.00;   21.2;   10.8;    9.4;eor
       5705;20230809;   10;  10.2;   2.9;    9;   0.8;   6;    2.800;   0;   6.2;  14.3;  985.30;   15.5;   82.00;   19.6;   11.0;    8.6;eor
       5705;20230810;   10;   7.0;   1.5;    9;   0.0;   0;   11.800;   0;   1.4;  12.4;  989.80;   17.3;   67.00;   24.9;    8.6;    7.2;eor
       5705;20230811;   10;   5.7;   1.2;    9;   0.1;   6;   13.600;   0;   2.0;  15.0;  990.10;   20.8;   64.00;   29.2;   11.2;    9.9;eor
       5705;20230812;   10;  15.8;   1.6;    9;   9.5;   6;    2.800;   0;   7.1;  19.9;  987.10;   20.2;   85.00;   27.6;   16.5;   15.5;eor
       5705;20230813;   10;   8.4;   2.0;    9;   0.0;   6;    6.400;   0;   7.3;  19.7;  987.00;   21.7;   77.00;   27.1;   17.0;   16.2;eor
       5705;20230814;   10;   7.6;   1.8;    9;   0.2;   6;    9.300;   0;   6.3;  20.4;  984.50;   24.1;   70.00;   31.7;   17.7;   17.3;eor
       5705;20230815;   10;   9.7;   2.0;    9;   0.0;   6;    6.200;   0;   4.5;  21.2;  985.60;   23.4;   75.00;   29.5;   18.5;   16.5;eor
       5705;20230816;   10;   8.8;   2.2;    9;   0.9;   6;    8.000;   0;   4.9;  20.1;  987.30;   23.1;   73.00;   29.5;   16.9;   15.6;eor
       5705;20230817;   10;  13.0;   2.1;    9;   0.0;   0;    9.200;   0;   6.1;  19.8;  986.20;   22.3;   75.00;   30.3;   17.2;   16.3;eor
       5705;20230818;   10;   8.2;   2.6;    9;   0.0;   0;   12.900;   0;   2.0;  17.9;  985.50;   23.7;   64.00;   31.0;   16.1;   14.9;eor
       5705;20230819;   10;   8.9;   2.1;    9;   0.0;   6;    9.400;   0;   4.2;  19.7;  986.20;   25.5;   63.00;   35.0;   17.4;   15.9;eor
       5705;20230820;   10;   5.7;   1.7;    9;   0.0;   6;   12.000;   0;   3.3;  21.8;  989.50;   26.4;   65.00;   32.7;   20.6;   19.3;eor
       5705;20230821;   10;  10.4;   1.6;    9;   0.0;   0;   11.500;   0;   1.1;  20.0;  990.10;   26.2;   61.00;   33.5;   20.0;   19.1;eor
       5705;20230822;   10;   9.4;   2.3;    9;   0.0;   0;   12.400;   0;   2.0;  18.6;  988.20;   25.0;   61.00;   31.4;   18.5;   17.1;eor
       5705;20230823;   10;   7.6;   1.8;    9;   0.0;   6;   12.900;   0;   0.1;  16.3;  988.40;   23.4;   59.00;   29.9;   17.2;   14.9;eor
       5705;20230824;   10;  18.7;   2.4;    9;   0.4;   6;    6.400;   0;   6.5;  17.6;  984.50;   22.6;   67.00;   31.7;   14.5;   13.3;eor
       5705;20230825;   10;  11.2;   3.4;    9;   7.2;   6;    4.700;   0;   5.8;  19.7;  980.30;   21.4;   78.00;   26.1;   17.8;   17.0;eor
       5705;20230826;   10;   8.4;   2.9;    9;   0.7;   6;    6.400;   0;   5.9;  16.6;  981.40;   18.8;   77.00;   22.5;   13.7;   12.5;eor
       5705;20230827;   10;   7.9;   2.1;    9;   0.8;   6;    1.500;   0;   7.9;  15.3;  979.90;   16.7;   81.00;   21.7;   13.3;   12.5;eor
       5705;20230828;   10;   7.7;   1.9;    9;   1.6;   6;    0.200;   0;   8.0;  12.7;  980.20;   15.1;   74.00;   17.9;   12.9;   11.9;eor
       5705;20230829;   10;   5.8;   2.3;    9;   2.0;   6;    0.100;   0;   7.8;  13.7;  978.80;   15.0;   81.00;   18.4;   12.9;   11.9;eor
       5705;20230830;   10;  18.9;   3.0;    9;   0.7;   6;    5.100;   0;   6.5;  13.7;  977.60;   15.7;   78.00;   21.5;   11.7;    9.9;eor
       5705;20230831;   10;  13.2;   4.2;    9;   2.4;   6;    6.800;   0;   6.3;  12.0;  981.60;   15.4;   71.00;   20.2;   10.9;    9.7;eor
       5705;20230901;   10;  11.3;   3.3;    9;   5.0;   6;    0.800;   0;   7.0;  16.7;  983.90;   16.4;   90.00;   21.0;   12.9;   13.1;eor
       5705;20230902;   10;   5.2;   1.2;    9;   0.0;   0;    6.500;   0;   5.7;  16.1;  989.40;   18.2;   79.00;   24.9;   12.8;   11.9;eor
       5705;20230903;   10;   6.1;   1.5;    9;   0.0;   0;    9.000;   0;   5.9;  15.1;  994.80;   18.6;   73.00;   24.7;   13.4;   11.9;eor
       5705;20230904;   10;   9.9;   3.5;    9;   0.0;   0;   12.500;   0;   2.8;  12.4;  995.00;   19.5;   59.00;   27.0;   11.6;    9.8;eor
       5705;20230905;   10;  10.0;   3.2;    9;   0.0;   0;   12.600;   0;   3.2;  13.7;  991.20;   20.6;   58.00;   27.3;   13.4;   11.4;eor
       5705;20230906;   10;   8.5;   2.4;    9;   0.0;   0;   12.600;   0;   0.2;  13.3;  990.00;   20.8;   59.00;   29.7;   12.2;    9.4;eor
       5705;20230907;   10;   9.0;   2.5;    9;   0.0;   0;   12.500;   0;   0.1;  13.5;  989.20;   21.6;   56.00;   30.0;   13.3;   10.8;eor
       5705;20230908;   10;   7.6;   2.1;    9;   0.0;   0;   12.300;   0;   0.0;  13.7;  987.80;   21.4;   57.00;   29.9;   13.1;   10.8;eor
       5705;20230909;   10;   5.1;   1.5;    9;   0.0;   0;   12.200;   0;   0.0;  14.6;  986.90;   20.9;   63.00;   30.0;   12.0;    9.5;eor
       5705;20230910;   10;   6.0;   1.4;    9;   0.0;   0;   12.100;   0;   0.7;  14.9;  986.90;   21.7;   61.00;   30.8;   13.4;   11.7;eor
       5705;20230911;   10;   4.9;   1.3;    9;   0.0;   0;   11.800;   0;   2.0;  14.6;  983.70;   21.9;   60.00;   30.9;   13.8;   12.2;eor
       5705;20230912;   10;   8.1;   1.4;    9;   0.1;   6;   10.000;   0;   6.8;  16.0;  981.20;   22.8;   62.00;   31.7;   13.5;   12.3;eor
       5705;20230913;   10;   8.2;   2.8;    9;   0.0;   6;    3.100;   0;   7.2;  16.6;  985.10;   19.9;   72.00;   23.9;   15.2;   14.9;eor
       5705;20230914;   10;   5.6;   1.7;    9;   0.0;   0;    9.100;   0;   2.6;  11.8;  990.20;   16.2;   66.00;   22.6;   11.3;    9.2;eor
       5705;20230915;   10;   8.4;   2.7;    9;   0.0;   0;   10.600;   0;   0.9;  12.9;  987.20;   17.8;   66.00;   26.4;    9.4;    7.6;eor
       5705;20230916;   10;   5.6;   1.7;    9;   0.0;   6;   11.000;   0;   3.0;  13.8;  984.10;   20.8;   58.00;   29.3;   12.9;   10.7;eor
       5705;20230917;   10;   9.8;   1.9;    9;   0.2;   6;   10.600;   0;   6.3;  15.9;  983.30;   23.0;   59.00;   30.3;   16.2;   14.4;eor
       5705;20230918;   10;  12.0;   3.5;    9;   5.2;   6;    1.700;   0;   7.8;  17.4;  979.10;   18.8;   80.00;   21.8;   16.2;   15.3;eor
       5705;20230919;   10;  16.3;   5.2;    9;   0.0;   0;    9.900;   0;   5.7;  13.5;  982.80;   17.1;   71.00;   21.8;   13.0;   12.0;eor
       5705;20230920;   10;  10.2;   3.1;    9;   0.0;   0;   10.800;   0;   2.8;  12.5;  980.80;   18.9;   60.00;   26.4;   12.6;   11.7;eor
       5705;20230921;   10;  20.9;   1.8;    9;   4.0;   6;    1.700;   0;   6.9;  14.7;  972.00;   18.8;   70.00;   26.9;   12.8;   11.2;eor
       5705;20230922;   10;  12.5;   3.8;    9;   1.7;   6;    2.800;   0;   6.8;  13.9;  974.60;   14.7;   84.00;   19.0;   11.1;   10.2;eor
       5705;20230923;   10;  11.1;   3.1;    9;   0.0;   4;    4.700;   0;   4.5;  11.4;  985.60;   12.7;   79.00;   18.2;    8.6;    6.1;eor
       5705;20230924;   10;   6.5;   1.6;    9;   0.0;   4;   10.000;   0;   1.5;  10.5;  994.60;   12.5;   75.00;   19.8;    5.6;    4.6;eor
       5705;20230925;   10;   7.8;   1.9;    9;   0.0;   0;   11.400;   0;   4.8;  10.8;  992.90;   14.3;   69.00;   22.7;    7.1;    4.4;eor
       5705;20230926;   10;   5.9;   1.5;    9;   0.0;   4;   11.300;   0;   0.3;  12.7;  990.60;   15.9;   73.00;   24.5;    8.1;    6.4;eor
       5705;20230927;   10;   6.9;   1.6;    9;   0.0;   4;    6.900;   0;   5.5;  14.7;  988.80;   16.5;   80.00;   25.7;   10.4;    9.4;eor
       5705;20230928;   10;   5.6;   1.5;    9;   0.0;   0;    9.300;   0;   6.7;  13.5;  987.30;   18.3;   68.00;   27.7;   10.5;    9.8;eor
       5705;20230929;   10;  13.5;   3.2;    9;   0.0;   6;    5.400;   0;   5.8;  14.3;  988.40;   18.4;   70.00;   28.0;   11.3;    9.8;eor
       5705;20230930;   10;   9.1;   2.0;    9;   0.0;   0;    6.700;   0;   6.7;  12.0;  994.50;   15.7;   68.00;   21.1;    9.0;    6.5;eor
       5705;20231001;   10;   6.1;   1.6;    9;   0.0;   0;   11.100;   0;   3.3;  10.7;  994.10;   15.0;   67.00;   24.8;    6.9;    5.2;eor
       5705;20231002;   10;   5.8;   1.3;    9;   0.0;   0;   10.900;   0;   5.4;  12.3;  990.40;   17.3;   65.00;   27.8;    8.3;    6.9;eor
       5705;20231003;   10;  18.8;   5.1;    9;   7.0;   6;    5.200;   0;   5.8;  13.9;  987.00;   16.6;   76.00;   24.7;   10.2;    8.8;eor
       5705;20231004;   10;   8.7;   2.6;    9;   0.0;   0;    6.200;   0;   4.4;  11.0;  996.30;   12.5;   77.00;   19.1;    7.6;    6.6;eor
       5705;20231005;   10;   8.7;   2.4;    9;   0.0;   0;    2.500;   0;   7.0;  10.7;  994.80;   11.4;   81.00;   17.1;    7.3;    5.7;eor
       5705;20231006;   10;   7.1;   2.2;    9;   0.0;   0;    9.300;   0;   5.6;  10.0;  994.50;   12.2;   73.00;   20.7;    5.7;    4.5;eor
       5705;20231007;   10;  10.5;   3.4;    9;   0.0;   0;    2.800;   0;   7.4;  11.6;  992.30;   14.2;   72.00;   20.2;    8.3;    6.7;eor
       5705;20231008;   10;   8.7;   2.3;    9;   0.0;   6;    0.900;   0;   7.9;  13.4;  992.90;   16.0;   74.00;   20.2;   11.7;    9.6;eor
       5705;20231009;   10;   8.0;   1.7;    9;   0.0;   6;    0.000;   0;   8.0;  13.0;  989.50;   15.3;   76.00;   20.7;    9.9;    8.9;eor
       5705;20231010;   10;   8.0;   2.4;    9;   0.0;   0;    9.500;   0;   6.9;  11.9;  989.50;   16.4;   66.00;   23.8;   10.3;    8.4;eor
       5705;20231011;   10;  10.9;   3.7;    9;   0.0;   0;    9.800;   0;   5.4;  12.2;  986.20;   18.5;   59.00;   26.3;   11.7;   10.3;eor
       5705;20231012;   10;  11.0;   3.0;    9;   2.8;   6;    0.000;   0;   7.9;  14.2;  984.90;   16.7;   75.00;   19.0;   14.9;   14.3;eor
       5705;20231013;   10;  15.3;   4.2;    9;   0.0;   6;    7.200;   0;   6.3;  13.2;  981.20;   19.8;   60.00;   27.3;   13.8;   12.9;eor
       5705;20231014;   10;  16.9;   5.5;    9;   1.1;   6;    3.700;   0;   5.7;  10.7;  980.60;   15.2;   61.00;   21.0;    7.9;    5.6;eor
       5705;20231015;   10;  12.1;   3.1;    9;   0.4;   6;    8.000;   0;   2.6;   7.5;  988.70;    7.7;   72.00;   12.9;    2.7;   -0.2;eor
       5705;20231016;   10;   6.7;   1.9;    9;   0.0;   0;    6.500;   0;   6.3;   6.6;  990.40;    5.0;   78.00;   11.3;   -0.6;   -2.2;eor
       5705;20231017;   10;   8.5;   2.5;    9;   0.0;   0;    3.700;   0;   5.3;   6.8;  986.80;    5.7;   76.00;   11.9;    1.2;   -0.7;eor
       5705;20231018;   10;  10.2;   3.4;    9;  10.5;   6;    6.500;   0;   7.9;   7.5;  977.90;    7.7;   73.00;   14.5;    1.1;   -1.1;eor
       5705;20231019;   10;   6.9;   2.2;    9;   2.7;   6;    0.600;   0;   7.8;  13.7;  965.20;   12.6;   93.00;   17.6;    8.7;    8.6;eor
       5705;20231020;   10;  11.5;   3.8;    9;   1.6;   6;    0.200;   0;   7.8;  13.5;  954.80;   13.3;   88.00;   17.3;   11.0;   10.5;eor
       5705;20231021;   10;  16.2;   5.1;    9;   0.0;   0;    6.100;   0;   5.7;  11.7;  967.80;   14.2;   73.00;   18.6;   10.1;    8.3;eor
       5705;20231022;   10;  15.2;   4.0;    9;   0.0;   0;    7.200;   0;   5.7;  10.2;  979.10;   11.6;   76.00;   17.3;    7.6;    5.9;eor
       5705;20231023;   10;   7.9;   2.0;    9;   1.4;   6;    3.400;   0;   6.3;  10.4;  981.20;   10.1;   84.00;   14.4;    4.8;    2.1;eor
       5705;20231024;   10;   5.8;   1.7;    9;   7.4;   6;    0.000;   0;   7.3;  12.6;  974.60;   11.2;   94.00;   12.3;    8.2;    6.3;eor
       5705;20231025;   10;  11.5;   3.4;    9;  17.2;   6;    1.100;   0;   7.6;  11.9;  968.90;   10.4;   94.00;   13.5;    7.6;    6.7;eor
       5705;20231026;   10;  12.9;   3.3;    9;   0.4;   6;    1.500;   0;   7.5;  11.4;  965.50;   10.7;   88.00;   12.3;    8.1;    6.7;eor
       5705;20231027;   10;  15.6;   3.8;    9;   4.6;   6;    2.000;   0;   7.0;  11.3;  964.60;   10.5;   89.00;   13.8;    9.2;    8.0;eor
       5705;20231028;   10;  12.2;   5.0;    9;   3.2;   6;    1.300;   0;   7.7;  11.2;  970.90;   10.6;   88.00;   13.9;    9.0;    7.9;eor
       5705;20231029;   10;  13.0;   3.8;    9;   8.6;   6;    0.400;   0;   7.8;  11.7;  971.20;   12.1;   83.00;   15.7;   10.2;    9.7;eor
       5705;20231030;   10;   8.1;   2.3;    9;   6.2;   6;    4.400;   0;   7.4;  12.6;  971.70;   12.6;   87.00;   16.0;   10.5;    9.8;eor
       5705;20231031;   10;  12.9;   5.5;    9;   0.8;   6;    0.500;   0;   7.5;  10.7;  973.40;   10.9;   82.00;   12.9;    9.6;    8.6;eor
       5705;20231101;   10;   9.7;   4.3;    9;   0.0;   6;    5.700;   0;   7.6;  10.9;  975.00;   11.8;   79.00;   16.8;    9.0;    7.2;eor
       5705;20231102;   10;  15.3;   4.9;    9;   2.6;   6;    0.000;   0;   7.1;   9.8;  960.40;    8.9;   86.00;   10.7;    6.6;    4.3;eor
       5705;20231103;   10;  10.2;   4.4;    9;   0.0;   6;    0.000;   0;   6.8;   8.2;  959.10;    6.9;   83.00;    9.6;    4.1;    3.0;eor
       5705;20231104;   10;  17.6;   5.6;    9;   2.0;   6;    3.300;   0;   7.4;   8.3;  957.10;    7.8;   79.00;   11.3;    4.0;    2.2;eor
       5705;20231105;   10;  16.7;   7.6;    9;   2.7;   6;    0.600;   0;   7.2;   9.7;  954.70;    9.7;   81.00;   11.9;    7.2;    5.7;eor
       5705;20231106;   10;  15.5;   6.8;    9;   0.2;   6;    3.400;   0;   6.0;   9.5;  974.70;    9.9;   78.00;   13.6;    6.9;    5.9;eor
       5705;20231107;   10;  15.6;   5.3;    9;   0.5;   6;    0.500;   0;   6.3;   9.0;  982.10;    7.6;   86.00;    9.6;    5.8;    4.7;eor
       5705;20231108;   10;  13.4;   5.5;    9;   0.0;   6;    3.800;   0;   7.2;   8.1;  984.40;    7.6;   78.00;   10.9;    4.4;    3.1;eor
       5705;20231109;   10;  12.9;   4.6;    9;   1.3;   6;    0.000;   0;   7.4;   8.0;  976.00;    7.0;   80.00;   10.6;    3.2;    2.2;eor
       5705;20231110;   10;  14.9;   5.0;    9;   1.7;   6;    3.700;   0;   6.0;   8.1;  970.80;    7.2;   80.00;   10.6;    4.0;    2.5;eor
       5705;20231111;   10;  14.1;   5.3;    9;   0.7;   6;    1.700;   0;   5.6;   7.5;  973.40;    5.6;   83.00;    8.0;    3.1;    0.2;eor
       5705;20231112;   10;   4.4;   1.6;    9;   3.1;   6;    3.700;   0;   6.6;   7.5;  977.20;    5.1;   86.00;    8.3;    2.3;   -0.2;eor
       5705;20231113;   10;  18.2;   5.1;    9;  13.8;   6;    0.000;   0;   7.1;  10.6;  975.90;    8.8;   92.00;   14.4;    4.3;    3.9;eor
       5705;20231114;   10;  18.7;   7.1;    9;   1.3;   6;    0.600;   0;   7.3;   9.7;  976.20;   10.5;   77.00;   11.7;    8.6;    6.6;eor
       5705;20231115;   10;  19.9;   7.3;    9;   4.8;   6;    3.600;   0;   5.7;   9.4;  983.50;    9.7;   79.00;   12.8;    7.4;    6.1;eor
       5705;20231116;   10;   8.1;   3.4;    9;   5.5;   6;    0.300;   0;   7.3;   8.9;  981.80;    6.9;   90.00;    9.2;    4.8;    4.0;eor
       5705;20231117;   10;   6.2;   2.1;    9;   0.1;   6;    1.600;   0;   7.1;   7.7;  987.10;    5.5;   86.00;    6.9;    2.7;   -0.1;eor
       5705;20231118;   10;   7.6;   2.2;    9;   7.3;   6;    0.000;   0;   7.0;   7.6;  991.40;    3.6;   95.00;    6.7;   -0.3;   -1.7;eor
       5705;20231119;   10;  14.8;   5.4;    9;   5.3;   6;    2.600;   0;   5.0;  10.4;  981.40;   10.3;   83.00;   14.0;    5.6;    5.6;eor
       5705;20231120;   10;  15.8;   6.1;    9;   0.5;   6;    1.400;   0;   7.5;   9.6;  980.10;   10.0;   78.00;   11.7;    7.5;    6.5;eor
       5705;20231121;   10;  10.3;   1.9;    9;   0.3;   6;    0.400;   0;   8.0;   9.1;  982.80;    7.5;   87.00;   10.8;    3.6;    2.8;eor
       5705;20231122;   10;  10.1;   2.7;    9;   0.0;   0;    0.200;   0;   7.8;   4.9;  994.90;    1.3;   73.00;    3.8;   -0.6;   -2.6;eor
       5705;20231123;   10;  15.1;   5.0;    9;   3.7;   6;    0.200;   0;   6.7;   6.5;  990.20;    3.0;   83.00;    6.7;   -0.5;   -2.0;eor
       5705;20231124;   10;  15.6;   6.9;    9;   2.1;   8;    2.600;   0;   6.3;   7.3;  975.80;    5.1;   82.00;    8.9;    2.1;    1.0;eor
       5705;20231125;   10;  14.3;   5.0;    9;   0.2;   6;    0.900;   0;   6.4;   5.8;  977.60;    2.3;   80.00;    4.3;    0.3;   -1.1;eor
       5705;20231126;   10;   9.1;   3.1;    9;   0.4;   6;    1.400;   0;   6.0;   6.3;  983.00;    2.4;   87.00;    5.2;   -1.4;   -4.0;eor
       5705;20231127;   10;   8.5;   3.8;    9;  13.6;   8;    0.000;   0;   6.9;   6.3;  972.00;    1.6;   91.00;    3.4;   -0.2;   -0.2;eor
       5705;20231128;   10;   9.2;   2.6;    9;   2.4;   8;    0.000;   3;   7.3;   5.4;  968.30;   -0.3;   89.00;    0.8;   -2.0;   -2.7;eor
       5705;20231129;   10;  14.0;   4.7;    9;   0.0;   8;    0.500;   4;   5.8;   5.1;  973.70;   -0.7;   87.00;    1.3;   -4.6;   -6.3;eor
       5705;20231130;   10;   5.0;   1.8;    9;   0.1;   7;    0.900;   4;   7.6;   5.7;  969.90;    0.3;   92.00;    2.3;   -2.2;   -4.6;eor
       5705;20231201;   10;   6.8;   2.0;    9;   0.4;   8;    0.000;   3;   7.7;   5.3;  971.30;   -0.6;   90.00;    0.9;   -2.1;   -2.9;eor
       5705;20231202;   10;   7.9;   2.9;    9;   0.1;   8;    0.000;   4;   7.9;   4.0;  979.10;   -2.7;   80.00;   -1.9;   -3.5;   -4.0;eor
       5705;20231203;   10;  10.1;   3.0;    9;   0.0;   0;    6.000;   4;   3.7;   3.8;  990.50;   -3.2;   79.00;    0.0;   -6.6;   -8.6;eor
       5705;20231204;   10;   9.8;   3.9;    9;   5.3;   8;    0.100;   4;   7.6;   3.8;  981.70;   -4.0;   84.00;   -1.7;   -6.5;   -7.7;eor
       5705;20231205;   10;   8.2;   2.9;    9;   3.4;   6;    0.500;   7;   7.5;   6.4;  975.00;    2.0;   91.00;    4.9;   -1.8;   -1.0;eor
       5705;20231206;   10;   9.8;   3.4;    9;   0.4;   8;    0.000;   1;   7.7;   6.6;  981.70;    2.3;   91.00;    3.3;    1.7;    0.6;eor
       5705;20231207;   10;   7.8;   2.3;    9;   0.0;   6;    0.000;   0;   6.3;   5.7;  987.60;    0.0;   94.00;    2.2;   -2.2;   -3.7;eor
       5705;20231208;   10;  10.2;   2.2;    9;   1.6;   8;    0.000;   0;   7.6;   5.9;  980.20;    0.4;   93.00;    1.8;   -1.4;   -2.2;eor
       5705;20231209;   10;  12.4;   4.1;    9;   7.1;   6;    0.100;   0;   7.9;   8.1;  977.20;    4.6;   95.00;    8.7;    1.5;    1.5;eor
       5705;20231210;   10;  17.8;   7.9;    9;   0.6;   6;    2.700;   0;   7.2;   8.1;  976.30;    8.4;   74.00;   10.6;    7.1;    5.5;eor
       5705;20231211;   10;  17.2;   7.2;    9;   0.1;   6;    2.600;   0;   5.6;   8.8;  974.00;    9.5;   74.00;   12.5;    7.4;    5.8;eor
       5705;20231212;   10;   7.4;   2.7;    9;   2.7;   6;    0.700;   0;   7.2;   9.1;  975.10;    7.1;   90.00;    8.9;    4.8;    3.2;eor
       5705;20231213;   10;   9.7;   2.5;    9;   1.3;   6;    1.300;   0;   7.7;   9.3;  969.40;    7.1;   92.00;    9.7;    4.7;    2.7;eor
       5705;20231214;   10;   7.3;   2.1;    9;   0.4;   6;    0.000;   0;   7.4;   8.0;  983.80;    5.0;   92.00;    6.5;    2.3;   -0.3;eor
       5705;20231215;   10;   7.1;   1.8;    9;   0.1;   6;    0.400;   0;   7.5;   7.3; 1002.00;    4.1;   88.00;    5.9;    1.3;   -1.1;eor
       5705;20231216;   10;   7.1;   2.0;    9;   0.0;   0;    0.800;   0;   7.1;   7.1; 1008.30;    4.5;   83.00;    7.2;    1.9;   -0.6;eor
       5705;20231217;   10;   4.2;   1.7;    9;   0.0;   0;    7.500;   0;   5.5;   6.4; 1006.20;    2.3;   89.00;    7.3;   -0.5;   -2.3;eor
       5705;20231218;   10;   4.6;   1.6;    9;   0.0;   0;    7.000;   0;   2.4;   5.9; 1000.90;    1.2;   88.00;    7.0;   -2.7;   -4.7;eor
       5705;20231219;   10;  11.6;   3.5;    9;   4.8;   6;    1.400;   0;   7.5;   6.2;  991.10;    2.8;   83.00;    4.9;   -0.1;   -2.2;eor
       5705;20231220;   10;  16.2;   6.5;    9;   2.1;   6;    2.700;   0;   7.0;   7.3;  983.90;    4.8;   85.00;    6.2;    3.9;    2.7;eor
       5705;20231221;   10;  22.9;  10.4;    9;   8.7;   6;    0.000;   0;   7.7;   8.5;  970.40;    6.8;   86.00;   10.3;    3.8;    2.9;eor
       5705;20231222;   10;  26.5;   9.3;    9;  16.6;   6;    0.100;   0;   7.4;   8.0;  970.60;    6.0;   85.00;    8.8;    3.0;    2.2;eor
       5705;20231223;   10;  23.1;  10.4;    9;   2.0;   6;    0.000;   0;   7.6;   8.7;  976.90;    7.8;   82.00;    9.3;    5.8;    4.8;eor
       5705;20231224;   10;  19.0;   8.9;    9;   4.3;   6;    0.000;   0;   7.6;   9.6;  978.40;    8.7;   86.00;   10.4;    7.2;    6.6;eor
       5705;20231225;   10;  16.6;   9.3;    9;   0.3;   6;    0.000;   0;   7.9;   9.5;  980.20;    8.8;   84.00;    9.5;    7.9;    7.1;eor
       5705;20231226;   10;  13.6;   5.8;    9;   0.0;   6;    0.200;   0;   7.7;   9.0;  984.40;    8.3;   82.00;   10.0;    6.7;    5.0;eor
       5705;20231227;   10;   7.3;   2.6;    9;   0.0;   6;    0.800;   0;   8.0;   8.2;  988.10;    6.4;   85.00;    9.4;    3.2;    1.2;eor
       5705;20231228;   10;  11.1;   5.0;    9;   0.1;   6;    0.100;   0;   7.8;   8.6;  985.60;    7.8;   80.00;    9.4;    3.0;    0.6;eor
       5705;20231229;   10;  16.8;   7.6;    9;   0.0;   6;    0.500;   0;   7.2;   8.7;  982.70;    9.3;   75.00;   10.9;    7.8;    6.1;eor
       5705;20231230;   10;  14.0;   5.1;    9;   0.7;   6;    1.100;   0;   7.2;   8.4;  983.60;    7.6;   80.00;   10.0;    3.5;    0.5;eor
       5705;20231231;   10;  17.6;   4.1;    9;   0.3;   6;    0.000;   0;   7.7;   7.3;  975.70;    5.1;   83.00;    9.8;    1.5;   -0.3;eor
       5705;20240101;   10;  16.4;   6.8;    9;   4.0;   6;    1.600;   0;   7.2;   7.2;  977.80;    6.1;   77.00;    8.5;    4.8;    3.3;eor
       5705;20240102;   10;-999;-999;    9;  18.3;   4;    0.000;   0;   7.5;   9.0;  969.20;    7.4;   87.00;   10.2;    4.9;    4.1;eor
       5705;20240103;   10;-999;-999;    9;  14.8;   4;    0.800;   0;   7.3;   9.3;  965.80;    8.8;   82.00;   11.0;    7.1;    6.2;eor
       5705;20240104;   10;  18.1;   7.3;    9;   1.7;   6;    0.700;   0;   7.3;   8.5;  972.50;    7.0;   84.00;    8.3;    4.6;    3.1;eor
       5705;20240105;   10;   9.7;   3.2;    9;   0.0;   0;    0.600;   0;   8.0;   7.6;  972.40;    5.7;   84.00;    9.1;    3.3;    0.9;eor
       5705;20240106;   10;   3.4;   1.2;    9;   0.0;   6;    0.300;   0;   8.0;   7.1;  976.40;    3.8;   89.00;    6.3;    2.3;    0.3;eor
       5705;20240107;   10;  11.0;   3.9;    9;   0.0;   8;    0.200;   0;   8.0;   5.1;  985.10;    0.7;   77.00;    4.1;   -2.2;   -2.4;eor
       5705;20240108;   10;  12.3;   5.2;    9;   0.0;   0;    6.300;   0;   5.4;   3.1;  993.70;   -4.2;   67.00;   -1.5;   -7.4;   -8.6;eor
       5705;20240109;   10;   9.1;   3.9;    9;   0.0;   0;    8.000;   0;   0.0;   2.4;  996.30;   -4.8;   57.00;   -0.3;   -8.0;   -9.7;eor
       5705;20240110;   10;   7.3;   2.1;    9;   0.0;   0;    7.000;   0;   4.0;   3.0;  995.40;   -4.0;   65.00;   -0.4;   -6.8;   -9.4;eor
       5705;20240111;   10;   4.7;   1.6;    9;   0.0;   0;    8.000;   0;   0.4;   3.5;  997.10;   -3.6;   75.00;    2.1;   -8.1;   -9.5;eor
       5705;20240112;   10;   5.4;   1.5;    9;   0.0;   8;    0.000;   0;   6.9;   4.5;  998.10;   -2.8;   89.00;   -1.6;   -5.2;   -8.1;eor
       5705;20240113;   10;  11.3;   3.8;    9;   0.0;   8;    0.000;   0;   8.0;   4.6;  990.90;   -1.6;   85.00;   -1.0;   -2.2;   -2.3;eor
       5705;20240114;   10;  10.7;   3.8;    9;   0.3;   8;    0.500;   0;   7.9;   4.2;  979.00;   -2.9;   86.00;   -1.2;   -4.3;   -5.9;eor
       5705;20240115;   10;  14.1;   6.3;    9;   0.3;   8;    0.900;   0;   7.3;   4.5;  972.20;   -1.4;   81.00;    0.7;   -3.9;   -3.9;eor
       5705;20240116;   10;  10.6;   3.5;    9;   0.0;   0;    0.900;   0;   6.8;   4.1;  977.40;   -2.0;   78.00;    0.7;   -6.9;   -9.2;eor
       5705;20240117;   10;   4.4;   1.3;    9;  10.4;   8;    0.000;   0;   7.9;   4.7;  962.10;   -3.0;   93.00;    0.9;   -7.9;   -9.5;eor
       5705;20240118;   10;   8.1;   2.2;    9;   6.6;   8;    0.000;   0;   7.6;   5.5;  965.80;   -0.6;   93.00;    0.9;   -2.4;   -6.9;eor
       5705;20240119;   10;   8.4;   2.5;    9;   0.0;   0;    2.500;   4;   7.0;   4.5;  988.30;   -1.8;   84.00;   -0.2;   -3.1;   -7.2;eor
       5705;20240120;   10;   6.2;   2.2;    9;   0.0;   0;    3.100;   4;   4.8;   3.6;  998.60;   -5.1;   87.00;   -1.7;   -9.8;  -15.4;eor
       5705;20240121;   10;   6.1;   1.6;    9;   0.0;   0;    3.900;   4;   7.1;   3.5;  996.00;   -5.4;   83.00;    2.7;  -11.5;  -15.8;eor
       5705;20240122;   10;  19.4;   6.4;    9;   2.7;   6;    0.200;   3;   6.8;   7.2;  986.00;    5.1;   80.00;    9.3;    1.0;   -1.5;eor
       5705;20240123;   10;  17.8;   7.1;    9;   1.6;   6;    4.200;   0;   6.5;   7.3;  993.60;    6.4;   76.00;    8.8;    5.0;    3.2;eor
       5705;20240124;   10;  22.6;   9.5;    9;   0.1;   6;    2.400;   0;   7.7;   8.6;  990.70;   10.3;   69.00;   14.0;    7.6;    6.0;eor
       5705;20240125;   10;  14.0;   4.1;    9;   0.3;   6;    4.100;   0;   6.8;   7.4;  996.30;    7.1;   73.00;    8.9;    4.9;    3.0;eor
       5705;20240126;   10;  16.2;   5.0;    9;   3.2;   6;    0.000;   0;   6.6;   8.9;  994.60;    7.6;   84.00;   10.3;    3.3;    1.3;eor
       5705;20240127;   10;   6.4;   2.0;    9;   0.0;   0;    8.500;   0;   1.7;   5.6; 1003.80;    2.8;   76.00;    7.5;   -1.1;   -4.2;eor
       5705;20240128;   10;   4.9;   1.8;    9;   0.0;   0;    8.700;   0;   2.0;   5.3; 1001.20;    1.9;   77.00;    8.2;   -2.5;   -5.7;eor
       5705;20240129;   10;   3.9;   1.2;    9;   0.0;   0;    7.900;   0;   7.4;   5.5;  998.90;    2.2;   77.00;    8.6;   -2.4;   -4.8;eor
       5705;20240130;   10;   3.9;   1.3;    9;   0.5;   6;    2.300;   0;   7.6;   6.4;  999.20;    2.9;   84.00;    7.6;   -2.0;   -4.2;eor
       5705;20240131;   10;   9.3;   1.9;    9;   1.0;   6;    0.300;   0;   7.9;   8.2; 1000.10;    6.7;   84.00;    8.4;    4.2;    2.1;eor
       5705;20240201;   10;  12.2;   3.8;    9;   1.2;   6;    2.000;   0;   7.0;   7.6;  997.00;    6.7;   77.00;   10.0;    2.1;   -0.6;eor
       5705;20240202;   10;  11.8;   3.8;    9;   0.0;   6;    1.700;   0;   7.7;   6.8;  997.90;    5.2;   77.00;    9.3;    1.4;   -1.1;eor
       5705;20240203;   10;  12.4;   5.6;    9;   0.1;   6;    0.000;   0;   7.8;   8.7;  995.30;    7.5;   84.00;    8.6;    6.2;    5.5;eor
       5705;20240204;   10;  15.3;   6.9;    9;   0.1;   6;    0.000;   0;   7.7;   9.4;  991.80;    7.7;   89.00;    9.0;    6.2;    5.9;eor
       5705;20240205;   10;  15.5;   5.5;    9;   0.0;   6;    3.700;   0;   6.3;   8.5;  989.40;    8.1;   79.00;   11.0;    4.8;    1.9;eor
       5705;20240206;   10;  17.3;   7.5;    9;   0.1;   6;    0.000;   0;   7.9;   7.7;  984.40;    6.7;   78.00;    8.2;    5.2;    4.8;eor
       5705;20240207;   10;  20.3;   8.6;    9;  17.8;   6;    0.100;   0;   7.5;   8.6;  974.50;    6.9;   86.00;    9.5;    2.9;    2.9;eor
       5705;20240208;   10;  13.6;   3.3;    9;  10.2;   6;    0.000;   0;   7.4;   9.2;  968.50;    6.5;   93.00;   11.0;    2.7;    2.7;eor
       5705;20240209;   10;  10.9;   4.7;    9;   4.6;   6;    0.600;   0;   7.6;  10.8;  961.00;   10.0;   88.00;   14.1;    8.0;    7.3;eor
       5705;20240210;   10;   6.1;   2.1;    9;   1.3;   6;    0.000;   0;   7.9;  10.5;  957.50;    8.3;   95.00;   10.4;    6.3;    4.5;eor
       5705;20240211;   10;  10.1;   3.8;    9;   4.6;   6;    0.000;   0;   7.8;   9.0;  961.80;    7.4;   88.00;    8.4;    5.9;    5.3;eor
       5705;20240212;   10;   9.3;   3.7;    9;   2.1;   6;    0.400;   0;   7.7;   8.6;  973.40;    6.7;   87.00;    8.9;    4.3;    2.2;eor
       5705;20240213;   10;   7.9;   2.3;    9;   0.0;   6;    3.800;   0;   6.5;   6.9;  987.40;    4.7;   82.00;    8.9;    1.9;   -0.7;eor
       5705;20240214;   10;  10.8;   3.9;    9;   0.3;   6;    0.000;   0;   7.9;   8.7;  989.10;    7.5;   83.00;   10.3;    3.5;    2.1;eor
       5705;20240215;   10;   6.4;   2.6;    9;   0.0;   6;    3.400;   0;   7.9;  10.5;  987.20;   10.9;   81.00;   15.8;    7.4;    5.4;eor
       5705;20240216;   10;   9.0;   2.3;    9;   1.5;   6;    2.900;   0;   8.0;  10.7;  985.60;   11.4;   80.00;   17.7;    7.1;    5.4;eor
       5705;20240217;   10;   6.8;   2.6;    9;   0.0;   0;    2.300;   0;   6.7;  10.1;  997.80;   10.6;   79.00;   12.6;    8.1;    6.2;eor
       5705;20240218;   10;  12.1;   4.1;    9;   2.9;   6;    3.600;   0;   7.6;   9.4;  997.20;    8.9;   83.00;   11.8;    6.3;    4.4;eor
       5705;20240219;   10;  13.2;   5.9;    9;   0.5;   6;    1.700;   0;   7.7;   9.0;  993.60;    8.9;   79.00;   11.2;    7.5;    6.2;eor
       5705;20240220;   10;  10.9;   4.3;    9;   0.4;   6;    3.700;   0;   7.1;   7.8;  995.30;    7.7;   75.00;   10.6;    6.4;    5.2;eor
       5705;20240221;   10;  16.6;   4.4;    9;   4.9;   6;    2.900;   0;   7.4;   7.9;  986.90;    8.0;   74.00;   10.5;    5.4;    3.8;eor
       5705;20240222;   10;  19.2;   8.0;    9;   4.4;   6;    0.000;   0;   7.7;  10.1;  965.80;    9.3;   86.00;   10.9;    7.4;    6.3;eor
       5705;20240223;   10;  19.1;   5.9;    9;   0.0;   6;    1.200;   0;   6.7;   6.5;  966.30;    5.5;   72.00;    8.8;    1.8;   -0.3;eor
       5705;20240224;   10;  14.2;   3.8;    9;   0.2;   6;    4.700;   0;   5.3;   6.1;  971.80;    4.0;   76.00;    9.3;   -0.1;   -2.0;eor
       5705;20240225;   10;   9.4;   3.1;    9;   0.0;   6;    6.000;   0;   4.3;   6.2;  973.00;    4.8;   73.00;   10.4;   -0.1;   -2.6;eor
       5705;20240226;   10;   8.0;   2.9;    9;   0.2;   6;    2.200;   0;   7.6;   7.3;  970.80;    7.2;   72.00;   11.7;    4.0;    2.9;eor
       5705;20240227;   10;   8.5;   3.1;    9;   0.0;   0;    1.400;   0;   8.0;   7.9;  981.10;    7.3;   78.00;   11.1;    5.2;    3.6;eor
       5705;20240228;   10;   5.3;   2.0;    9;   0.0;   0;    7.000;   0;   6.1;   6.8;  988.70;    6.1;   73.00;   11.0;    1.7;   -0.1;eor
       5705;20240229;   10;   9.4;   2.1;    9;   0.0;   0;    4.500;   0;   3.7;   6.8;  982.80;    4.6;   81.00;   11.2;   -1.1;   -3.0;eor
       5705;20240301;   10;   8.5;   1.9;    9;   0.0;   6;    0.500;   0;   6.1;   7.7;  975.50;    5.2;   87.00;    9.2;    0.0;   -1.7;eor
       5705;20240302;   10;  10.3;   3.1;    9;   0.0;   0;    7.300;   0;   7.0;   8.5;  973.20;    8.0;   80.00;   15.0;    3.5;    0.8;eor
       5705;20240303;   10;  10.2;   3.4;    9;   0.0;   0;    9.400;   0;   5.5;   8.2;  969.60;    9.2;   73.00;   16.6;    3.1;    0.5;eor
       5705;20240304;   10;   6.3;   2.4;    9;   0.0;   6;    0.400;   0;   7.7;   8.6;  977.20;    7.4;   83.00;   10.4;    2.6;    0.7;eor
       5705;20240305;   10;   6.8;   1.9;    9;   5.9;   6;    0.000;   0;   8.0;   9.0;  982.70;    7.2;   88.00;    9.3;    6.0;    5.2;eor
       5705;20240306;   10;   8.6;   2.2;    9;   0.0;   6;    0.800;   0;   7.4;   8.3;  988.60;    7.0;   83.00;   11.1;    3.6;   -0.2;eor
       5705;20240307;   10;   9.4;   4.0;    9;   0.0;   0;    1.000;   0;   5.8;   5.9;  989.30;    4.5;   70.00;    8.3;    1.4;   -1.9;eor
       5705;20240308;   10;  13.5;   5.2;    9;   0.0;   0;   10.700;   0;   0.3;   5.6;  981.20;    4.7;   67.00;   11.2;   -0.8;   -3.5;eor
       5705;20240309;   10;   7.2;   3.0;    9;   0.0;   0;    6.600;   0;   6.9;   6.4;  972.40;    6.1;   69.00;   13.2;   -0.3;   -3.3;eor
       5705;20240310;   10;   9.5;   3.5;    9;   2.9;   6;    0.900;   0;   7.6;   7.8;  965.20;    8.1;   73.00;   12.8;    3.8;    1.4;eor
       5705;20240311;   10;  14.2;   5.0;    9;   0.0;   0;    9.000;   0;   4.4;   7.9;  973.50;    8.7;   72.00;   13.8;    4.0;    1.5;eor
       5705;20240312;   10;   9.9;   3.5;    9;   0.4;   6;    0.400;   0;   6.6;   8.1;  983.60;    7.0;   81.00;    9.9;    3.9;    0.9;eor
       5705;20240313;   10;   5.8;   2.4;    9;   0.1;   6;    0.500;   0;   8.0;   9.7;  985.50;    8.1;   89.00;   11.1;    4.8;    3.6;eor
       5705;20240314;   10;   8.3;   2.5;    9;   0.0;   0;    7.600;   0;   7.3;  10.4;  983.30;   11.3;   80.00;   17.6;    7.2;    5.5;eor
       5705;20240315;   10;  15.4;   4.4;    9;   0.1;   6;    3.300;   0;   7.6;  10.5;  981.20;   11.5;   78.00;   15.9;    7.2;    5.6;eor
       5705;20240316;   10;  13.9;   5.1;    9;   1.0;   6;    1.900;   0;   7.2;   9.3;  986.60;    9.8;   76.00;   14.6;    5.0;    2.3;eor
       5705;20240317;   10;-999;-999;    9;   0.0;   0;    6.500;   0;  -999;  -999;    -999;    7.5;-999;   12.4;    2.5;   -0.1;eor
       5705;20240318;   10;   5.0;-999;    9;   0.9;   6;    1.900;   0;  -999;  -999;    -999;    7.8;-999;   12.9;    4.0;    2.2;eor
       5705;20240319;   10;   4.5;   1.3;    9;   0.1;   4;    6.000;   0;   7.7;   9.6;  987.90;    9.3;   84.00;   14.9;    5.5;    4.0;eor
       5705;20240320;   10;   6.4;   1.2;    9;   0.0;   0;    8.600;   0;   7.7;   9.4;  988.10;   11.2;   73.00;   17.6;    4.7;    2.2;eor
       5705;20240321;   10;  11.1;   2.4;    9;   0.0;   0;    5.800;   0;   7.1;   9.0;  989.60;   10.8;   72.00;   17.2;    4.6;    2.2;eor
       5705;20240322;   10;   9.0;   2.8;    9;   0.3;   6;    2.400;   0;   7.2;   8.7;  986.10;   10.7;   69.00;   15.8;    3.2;    1.6;eor
       5705;20240323;   10;  17.3;   5.9;    9;   0.4;   6;    4.600;   0;   5.9;   7.4;  977.60;    7.2;   72.00;   11.0;    2.4;    0.5;eor
       5705;20240324;   10;  17.9;   6.6;    9;   3.1;   6;    2.900;   0;   6.4;   6.7;  975.10;    4.5;   80.00;    8.3;    1.8;    0.0;eor
       5705;20240325;   10;  10.3;   3.7;    9;   0.0;   0;    7.700;   0;   6.1;   6.0;  974.50;    6.4;   63.00;   10.7;    2.7;    0.3;eor
       5705;20240326;   10;   9.0;   3.6;    9;   0.0;   0;    7.300;   0;   6.5;   6.1;  963.60;    7.9;   59.00;   15.3;    0.5;   -2.7;eor
       5705;20240327;   10;  13.9;   3.2;    9;   8.6;   6;    5.900;   0;   7.8;   8.1;  956.70;    9.0;   72.00;   17.4;    3.7;    0.7;eor
       5705;20240328;   10;  18.3;   5.4;    9;   1.0;   6;    5.800;   0;   4.9;   7.5;  962.20;    7.2;   75.00;   11.8;    3.4;    1.7;eor
       5705;20240329;   10;  10.3;   2.8;    9;   3.2;   6;    0.300;   0;   7.7;   9.3;  968.50;    8.6;   81.00;   12.8;    4.4;    2.7;eor
       5705;20240330;   10;   9.4;   1.8;    9;   0.0;   0;    1.000;   0;   6.6;  10.0;  967.70;   11.2;   77.00;   17.4;    5.4;    4.4;eor
       5705;20240331;   10;   7.2;   2.4;    9;   0.0;   6;    8.400;   0;   7.0;  10.3;  966.90;   13.0;   69.00;   19.2;    7.6;    5.4;eor
       5705;20240401;   10;  18.4;   5.1;    9;   4.3;   6;    1.300;   0;   7.3;   9.8;  967.00;    9.8;   81.00;   11.7;    7.6;    5.2;eor
       5705;20240402;   10;  17.5;   6.7;    9;   2.2;   6;    4.000;   0;   5.5;   8.7;  978.30;    9.2;   76.00;   13.1;    6.7;    4.6;eor
       5705;20240403;   10;  14.1;   4.3;    9;   3.6;   6;    0.000;   0;   7.8;   9.7;  978.30;    9.6;   81.00;   12.6;    7.3;    6.4;eor
       5705;20240404;   10;  18.8;   5.9;    9;  12.3;   6;    2.400;   0;   6.7;  11.3;  980.80;   10.9;   87.00;   14.2;    8.2;    6.1;eor
       5705;20240405;   10;  16.8;   4.3;    9;   0.0;   6;    4.900;   0;   7.3;  12.0;  983.40;   15.2;   71.00;   20.6;    9.5;    7.7;eor
       5705;20240406;   10;   8.6;   2.8;    9;   0.0;   0;   10.500;   0;   6.4;  11.4;  984.40;   18.3;   58.00;   25.9;   10.5;    8.4;eor
       5705;20240407;   10;  10.1;   2.6;    9;   0.0;   0;    8.000;   0;   6.0;  11.9;  984.50;   17.5;   61.00;   23.1;    9.8;    7.6;eor
       5705;20240408;   10;   7.8;   2.3;    9;   0.0;   0;    7.600;   0;   6.3;  12.9;  978.90;   19.7;   60.00;   26.0;   13.0;   11.8;eor
       5705;20240409;   10;  16.9;   5.0;    9;   0.1;   6;    2.400;   0;   6.8;  10.4;  981.80;   12.8;   69.00;   19.4;    8.8;    7.4;eor
       5705;20240410;   10;   8.4;   2.4;    9;   0.0;   0;    5.600;   0;   6.2;   7.5;  996.20;   10.0;   62.00;   14.6;    4.6;    1.3;eor
       5705;20240411;   10;   7.6;   1.4;    9;   0.0;   0;   11.100;   0;   4.3;   7.5; 1001.00;   10.8;   62.00;   18.6;    2.4;   -0.5;eor
       5705;20240412;   10;   8.8;   2.1;    9;   0.0;   0;   11.800;   0;   7.1;   9.9;  999.90;   13.8;   65.00;   21.7;    5.0;    3.3;eor
       5705;20240413;   10;   8.8;   2.6;    9;   0.0;   0;   11.300;   0;   6.7;  12.3;  994.70;   16.1;   69.00;   22.9;    8.3;    6.3;eor
       5705;20240414;   10;  13.6;   3.5;    9;   0.0;   6;   10.300;   0;   7.2;  11.7;  987.70;   17.5;   60.00;   22.0;   13.0;   10.7;eor
       5705;20240415;   10;  25.9;   6.5;    9;   3.9;   6;    4.700;   0;   6.8;   9.0;  977.60;   11.7;   67.00;   17.5;    4.4;    3.2;eor
       5705;20240416;   10;  22.2;   8.0;    9;   6.8;   6;    5.700;   0;   5.8;   7.6;  973.70;    5.9;   82.00;   10.8;    2.5;    1.4;eor
       5705;20240417;   10;   9.6;   2.9;    9;   0.1;   6;    5.500;   0;   7.4;   6.8;  977.30;    6.6;   72.00;   11.9;    2.7;    1.1;eor
       5705;20240418;   10;  10.3;   2.5;    9;   6.6;   6;    5.200;   0;   6.8;   7.3;  983.80;    5.7;   80.00;   10.1;    2.8;    1.2;eor
       5705;20240419;   10;  15.7;   6.4;    9;   8.0;   6;    0.000;   0;   7.2;   7.6;  979.20;    5.1;   86.00;    6.3;    3.5;    1.5;eor
       5705;20240420;   10;  11.8;   3.9;    9;   6.4;   6;    4.600;   0;   7.3;   6.8;  984.60;    6.3;   72.00;   10.5;    3.8;    2.8;eor
       5705;20240421;   10;  12.4;   3.0;    9;   8.7;   8;    0.000;   0;   7.5;   6.8;  986.60;    3.1;   89.00;    4.7;    0.7;   -0.4;eor
       5705;20240422;   10;  10.5;   2.6;    9;   0.2;   6;    7.500;   0;   2.9;   5.6;  989.30;    3.5;   72.00;    8.6;   -1.0;   -3.3;eor
       5705;20240423;   10;   7.8;   2.1;    9;   0.0;   7;   12.300;   0;   2.3;   4.8;  984.80;    5.4;   56.00;   11.5;   -1.6;   -3.6;eor
       5705;20240424;   10;  10.6;   3.9;    9;   3.0;   8;    1.900;   0;   6.4;   6.3;  977.10;    3.9;   78.00;    7.5;    1.1;   -0.6;eor
       5705;20240425;   10;  12.2;   4.1;    9;   0.0;   6;    1.600;   0;   7.7;   6.7;  975.60;    5.4;   75.00;    9.3;    2.9;    1.9;eor
       5705;20240426;   10;  11.4;   2.8;    9;   0.0;   6;    4.400;   0;   6.2;   7.4;  975.30;    8.0;   69.00;   14.5;    1.2;   -0.9;eor
       5705;20240427;   10;  11.1;   2.8;    9;   0.0;   6;   12.300;   0;   5.1;   8.2;  977.40;   13.3;   59.00;   21.2;    4.2;    1.5;eor
       5705;20240428;   10;   9.9;   2.9;    9;   0.0;   0;    8.200;   0;   7.3;   9.2;  981.40;   14.0;   58.00;   20.0;    7.3;    4.6;eor
       5705;20240429;   10;   7.6;   1.5;    9;   0.0;   0;    8.900;   0;   7.1;  10.6;  988.90;   15.3;   63.00;   21.0;    9.7;    8.7;eor
       5705;20240430;   10;   7.2;   1.9;    9;   0.0;   0;   11.900;   0;   4.3;  12.0;  983.10;   18.3;   60.00;   26.7;   10.2;    8.5;eor
       5705;20240501;   10;  10.1;   4.2;    9;   0.0;   0;   11.700;   0;   4.2;  12.3;  974.40;   18.8;   59.00;   25.1;   11.6;    8.2;eor
       5705;20240502;   10;  14.2;   4.4;    9;  14.7;   6;    7.000;   0;   6.9;  13.1;  969.20;   17.1;   69.00;   25.3;   11.6;   11.1;eor
       5705;20240503;   10;  12.5;   4.8;    9;   0.0;   0;    1.200;   0;   7.9;  10.6;  980.80;   12.0;   76.00;   15.4;    8.5;    6.3;eor
       5705;20240504;   10;   8.3;   2.1;    9;   2.7;   6;    6.200;   0;   7.4;  10.5;  983.10;   12.7;   74.00;   18.1;    6.0;    3.5;eor
       5705;20240505;   10;  11.3;   3.7;    9;   2.9;   6;    3.300;   0;   7.4;  13.2;  979.00;   14.4;   80.00;   18.4;   11.7;   11.1;eor
       5705;20240506;   10;  11.9;   3.2;    9;   3.1;   6;    0.200;   0;   7.8;  13.8;  977.30;   13.9;   87.00;   18.0;   11.4;   10.7;eor
       5705;20240507;   10;   9.4;   2.8;    9;   0.1;   6;    0.000;   0;   8.0;  11.4;  984.30;   12.1;   81.00;   14.1;   10.4;    9.4;eor
       5705;20240508;   10;   6.8;   1.9;    9;   0.0;   0;    0.300;   0;   6.5;  10.6;  992.20;   11.8;   77.00;   14.6;    7.3;    4.6;eor
       5705;20240509;   10;   8.0;   1.7;    9;   0.0;   0;   12.500;   0;   2.4;   9.6;  993.50;   13.4;   67.00;   20.1;    5.2;    3.4;eor
       5705;20240510;   10;   7.9;   2.1;    9;   0.0;   0;   12.300;   0;   2.2;  10.1;  990.80;   15.4;   61.00;   21.8;    8.0;    5.7;eor
       5705;20240511;   10;   8.8;   2.0;    9;   0.0;   0;   13.700;   0;   4.5;  10.5;  989.20;   16.3;   60.00;   23.0;    8.4;    6.5;eor
       5705;20240512;   10;   9.1;   2.8;    9;   0.0;   0;   12.900;   0;   0.9;  11.7;  985.90;   18.0;   59.00;   24.3;   10.6;    8.2;eor
       5705;20240513;   10;   9.6;   2.8;    9;   0.0;   0;   12.600;   0;   0.6;  11.6;  981.80;   18.8;   55.00;   25.1;   10.4;    8.9;eor
       5705;20240514;   10;  11.6;   4.7;    9;   0.0;   0;   13.300;   0;   0.7;  11.4;  976.80;   19.3;   52.00;   25.2;   11.5;    8.7;eor
       5705;20240515;   10;   8.5;   2.6;    9;   0.0;   0;   11.000;   0;   6.4;  11.6;  974.70;   18.4;   55.00;   24.6;   11.3;    8.8;eor
       5705;20240516;   10;   8.0;   2.5;    9;   4.9;   6;    3.800;   0;   7.5;  14.0;  974.10;   16.2;   76.00;   21.6;   13.4;   13.1;eor
       5705;20240517;   10;   9.8;   3.6;    9;   2.6;   6;    0.000;   0;   7.9;  13.6;  973.60;   13.0;   91.00;   15.5;   11.3;   11.4;eor
       5705;20240518;   10;  11.1;   2.5;    9;   0.0;   6;    1.400;   0;   7.0;  13.4;  978.70;   13.7;   86.00;   17.4;   11.2;    9.7;eor
       5705;20240519;   10;  11.9;   3.6;    9;   0.7;   6;    5.000;   0;   6.3;  12.9;  979.50;   14.7;   78.00;   19.6;   10.8;    9.2;eor
       5705;20240520;   10;   7.0;   1.8;    9;   0.0;   0;   11.800;   0;   4.0;  12.3;  979.20;   16.6;   68.00;   23.2;    9.1;    7.4;eor
       5705;20240521;   10;   8.5;   2.6;    9;   1.6;   6;    1.400;   0;   7.9;  14.8;  975.10;   15.9;   82.00;   20.0;   12.4;   10.0;eor
       5705;20240522;   10;  11.3;   3.8;    9;   0.0;   6;    4.100;   0;   5.7;  13.3;  979.30;   15.5;   77.00;   20.2;   11.7;    8.9;eor
       5705;20240523;   10;  14.5;   2.2;    9;   8.7;   6;    9.200;   0;   4.4;  12.6;  984.00;   16.0;   72.00;   22.6;    9.6;    8.4;eor
       5705;20240524;   10;   6.9;   2.2;    9;   6.8;   6;    1.500;   0;   7.1;  14.9;  985.60;   14.8;   88.00;   18.9;   11.9;   10.9;eor
       5705;20240525;   10;   7.0;   1.7;    9;   0.0;   0;    7.300;   0;   5.5;  13.1;  986.10;   15.7;   75.00;   21.3;   10.9;   10.2;eor
       5705;20240526;   10;  12.2;   2.5;    9;   0.3;   6;   10.800;   0;   5.1;  13.0;  986.20;   17.8;   67.00;   24.3;    9.7;    7.9;eor
       5705;20240527;   10;   7.5;   2.4;    9;   1.1;   6;    3.800;   0;   7.5;  15.1;  985.90;   17.2;   78.00;   22.9;   14.3;   13.7;eor
       5705;20240528;   10;  10.3;   4.0;    9;   0.0;   6;   10.600;   0;   4.8;  10.5;  987.40;   15.2;   63.00;   19.5;   11.2;   10.0;eor
       5705;20240529;   10;  13.6;   4.4;    9;   6.6;   6;    1.200;   0;   8.0;  12.8;  982.10;   15.6;   72.00;   19.9;   12.6;   12.0;eor
       5705;20240530;   10;  14.6;   2.3;    9;   6.2;   6;    2.900;   0;   7.5;  14.5;  974.50;   15.0;   86.00;   20.5;   12.8;   12.0;eor
       5705;20240531;   10;   8.9;   2.6;    9;   5.9;   6;    0.100;   0;   7.7;  13.9;  977.50;   14.3;   85.00;   17.0;   12.6;   12.0;eor
       5705;20240601;   10;  11.3;   3.2;    9;  39.1;   6;    0.400;   0;   7.7;  15.2;  981.30;   14.5;   92.00;   18.3;   12.9;   12.4;eor
       5705;20240602;   10;   8.7;   2.6;    9;   6.3;   6;    6.200;   0;   7.0;  16.3;  986.10;   17.1;   84.00;   21.7;   14.0;   13.9;eor
       5705;20240603;   10;   6.8;   2.2;    9;   0.0;   6;    3.000;   0;   6.1;  12.4;  986.20;   15.0;   73.00;   19.2;   11.4;    9.5;eor
       5705;20240604;   10;   8.9;   2.2;    9;   0.0;   0;    8.500;   0;   3.2;  12.0;  982.90;   16.1;   67.00;   22.6;    9.9;    7.6;eor
       5705;20240605;   10;  12.7;   3.2;    9;   0.0;   6;    3.200;   0;   6.7;  13.9;  982.10;   16.5;   75.00;   21.1;   12.4;   10.1;eor
       5705;20240606;   10;   9.0;   2.1;    9;   0.0;   0;    9.200;   0;   4.5;  13.3;  984.90;   17.4;   69.00;   23.4;   11.1;    8.9;eor
       5705;20240607;   10;   8.7;   2.0;    9;   0.0;   0;   11.100;   0;   3.0;  11.4;  986.00;   17.7;   58.00;   23.9;   11.5;    9.4;eor
       5705;20240608;   10;  11.4;   2.8;    9;   0.0;   0;   11.600;   0;   4.8;  12.2;  980.60;   18.8;   59.00;   25.5;   11.3;    9.9;eor
       5705;20240609;   10;   7.5;   2.2;    9;   0.0;   0;   12.000;   0;   5.0;  11.1;  977.50;   17.9;   55.00;   22.6;   12.2;    9.0;eor
       5705;20240610;   10;  16.3;   4.6;    9;   0.0;   6;    9.300;   0;   5.7;   9.9;  976.30;   16.0;   55.00;   21.8;   10.8;    9.8;eor
       5705;20240611;   10;   9.0;   3.2;    9;   0.0;   0;    4.500;   0;   6.4;   8.2;  983.40;   13.0;   56.00;   18.2;    8.9;    6.2;eor
       5705;20240612;   10;   9.0;   2.0;    9;   0.1;   6;   10.800;   0;   4.8;   8.7;  986.30;   13.6;   58.00;   19.0;    6.8;    4.7;eor
       5705;20240613;   10;   9.7;   2.1;    9;   0.0;   0;   10.700;   0;   6.5;   8.8;  985.80;   14.7;   54.00;   20.6;    9.9;    7.9;eor
       5705;20240614;   10;  10.9;   2.8;    9;   4.6;   6;    0.900;   0;   7.8;  12.4;  980.50;   14.8;   73.00;   19.6;   10.7;    9.3;eor
       5705;20240615;   10;  17.3;   5.4;    9;   0.2;   6;    6.500;   0;   5.7;  12.5;  977.50;   16.2;   69.00;   21.1;   11.8;    9.8;eor
       5705;20240616;   10;  11.8;   3.6;    9;   5.6;   6;    5.900;   0;   6.5;  11.9;  979.70;   16.8;   63.00;   23.6;   10.6;    9.2;eor
       5705;20240617;   10;  12.5;   3.8;    9;   0.1;   6;    3.600;   0;   7.0;  15.7;  982.70;   17.9;   78.00;   23.0;   13.9;   12.9;eor
       5705;20240618;   10;   9.1;   2.6;    9;   0.5;   6;   11.500;   0;   6.8;  17.4;  982.30;   21.6;   70.00;   30.3;   12.5;   11.3;eor
       5705;20240619;   10;   7.8;   2.2;    9;   1.9;   6;    0.500;   0;   7.1;  18.3;  984.50;   18.6;   85.00;   22.6;   13.3;   12.3;eor
       5705;20240620;   10;   7.8;   2.5;    9;   2.2;   6;    3.200;   0;   7.1;  17.0;  987.60;   18.1;   82.00;   24.0;   12.4;   12.0;eor
       5705;20240621;   10;  12.6;   3.1;    9;   6.4;   6;    2.700;   0;   7.4;  18.8;  982.30;   19.6;   84.00;   26.6;   16.1;   15.3;eor
       5705;20240622;   10;  11.0;   4.1;    9;   0.0;   6;    6.400;   0;   6.5;  14.5;  983.30;   17.5;   73.00;   22.5;   12.9;   12.0;eor
       5705;20240623;   10;   7.0;   1.9;    9;   0.0;   0;    9.300;   0;   4.1;  14.7;  987.10;   19.3;   67.00;   25.3;   13.6;   12.8;eor
       5705;20240624;   10;   8.9;   2.9;    9;   0.0;   0;   13.600;   0;   0.8;  14.2;  987.40;   20.6;   61.00;   26.5;   13.2;   11.3;eor
       5705;20240625;   10;  10.5;   3.2;    9;   0.0;   0;   14.600;   0;   0.0;  14.1;  983.00;   22.0;   55.00;   27.9;   14.0;   11.8;eor
       5705;20240626;   10;  15.6;   2.4;    9;  17.8;   6;   10.200;   0;   3.3;  17.6;  979.10;   22.9;   64.00;   30.3;   16.8;   15.5;eor
       5705;20240627;   10;  18.0;   2.4;    9;  15.8;   6;    9.400;   0;   5.8;  20.7;  979.10;   22.3;   79.00;   29.2;   17.2;   17.0;eor
       5705;20240628;   10;   9.3;   2.5;    9;   7.4;   6;    9.100;   0;   4.5;  20.1;  984.00;   22.1;   77.00;   27.0;   16.9;   15.4;eor
       5705;20240629;   10;   6.8;   1.7;    9;   1.1;   6;   11.600;   0;   4.9;  21.3;  980.90;   24.6;   70.00;   32.0;   15.7;   15.0;eor
       5705;20240630;   10;  17.9;   4.1;    9;  14.6;   6;    0.500;   0;   7.8;  18.8;  978.10;   18.9;   86.00;   25.1;   15.5;   15.2;eor
       5705;20240701;   10;  10.7;   3.3;    9;   2.1;   6;    3.300;   0;   7.5;  14.9;  983.10;   16.5;   80.00;   20.2;   13.5;   11.5;eor
       5705;20240702;   10;  11.0;   3.0;    9;   2.2;   6;    0.800;   0;   7.8;  13.4;  983.40;   14.8;   80.00;   18.0;   12.7;   11.4;eor
       5705;20240703;   10;   9.8;   1.9;    9;   6.9;   6;    2.400;   0;   7.5;  13.3;  979.80;   13.6;   86.00;   19.1;   11.1;   10.2;eor
       5705;20240704;   10;  14.2;   4.1;    9;   4.8;   6;    3.100;   0;   6.6;  14.7;  979.00;   14.8;   88.00;   20.3;   11.6;   11.0;eor
       5705;20240705;   10;  10.2;   3.5;    9;   0.0;   0;    5.000;   0;   7.1;  13.3;  981.50;   17.1;   70.00;   22.7;   11.6;   10.2;eor
       5705;20240706;   10;  14.9;   3.9;    9;   4.1;   6;    6.000;   0;   6.3;  16.7;  976.30;   18.3;   81.00;   27.1;   12.5;   10.7;eor
       5705;20240707;   10;   7.9;   1.9;    9;   0.0;   0;    8.400;   0;   6.2;  12.4;  983.60;   17.1;   66.00;   22.5;   12.1;    9.9;eor
       5705;20240708;   10;   8.0;   1.8;    9;   0.0;   0;   13.600;   0;   2.5;  13.8;  986.20;   19.6;   63.00;   26.5;   11.0;    9.1;eor
       5705;20240709;   10;   8.3;   1.9;    9;   0.0;   6;   14.500;   0;   2.7;  17.8;  984.70;   24.1;   61.00;   31.2;   14.6;   13.0;eor
       5705;20240710;   10;  13.5;   2.4;    9;   8.1;   6;    3.900;   0;   7.5;  19.9;  985.10;   21.9;   76.00;   27.3;   18.4;   17.6;eor
       5705;20240711;   10;   6.9;   1.7;    9;   0.0;   6;    7.000;   0;   7.4;  19.1;  985.60;   22.0;   74.00;   27.0;   17.5;   17.1;eor
       5705;20240712;   10;  13.2;   3.3;    9;   0.0;   6;    3.800;   0;   7.8;  19.0;  979.60;   21.6;   74.00;   26.6;   16.9;   16.6;eor
       5705;20240713;   10;  10.3;   2.7;    9;   0.0;   6;    9.600;   0;   5.3;  13.5;  982.20;   18.2;   65.00;   23.2;   13.6;   12.6;eor
       5705;20240714;   10;  11.3;   2.1;    9;   0.0;   0;    8.000;   0;   5.0;  13.5;  982.80;   19.4;   63.00;   25.7;   13.4;   12.7;eor
       5705;20240715;   10;  15.9;   1.9;    9;   4.0;   6;   13.100;   0;   4.2;  16.3;  981.20;   22.1;   63.00;   30.3;   13.1;   11.4;eor
       5705;20240716;   10;  15.3;   4.7;    9;   0.0;   0;    9.000;   0;   4.4;  16.5;  983.30;   20.6;   70.00;   25.5;   15.2;   13.7;eor
       5705;20240717;   10;   8.9;   2.4;    9;   0.0;   0;    9.300;   0;   4.6;  14.7;  989.40;   19.5;   66.00;   24.7;   14.1;   13.0;eor
       5705;20240718;   10;   6.4;   1.8;    9;   0.0;   0;   13.800;   0;   5.8;  14.9;  990.70;   21.2;   62.00;   27.7;   13.8;   12.4;eor
       5705;20240719;   10;   7.0;   1.8;    9;   0.0;   0;   13.700;   0;   4.9;  16.3;  987.20;   23.0;   60.00;   29.9;   15.2;   14.1;eor
       5705;20240720;   10;   9.6;   1.9;    9;   0.0;   0;   11.500;   0;   3.1;  18.7;  980.00;   24.1;   64.00;   31.2;   17.0;   15.5;eor
       5705;20240721;   10;  10.1;   1.7;    9;   9.7;   6;    6.800;   0;   5.5;  21.0;  978.10;   22.6;   77.00;   28.3;   18.4;   16.7;eor
       5705;20240722;   10;   9.5;   2.6;    9;   0.1;   6;    7.100;   0;   6.2;  18.1;  985.00;   21.7;   71.00;   26.8;   18.4;   16.7;eor
       5705;20240723;   10;  11.4;   3.6;    9;   2.3;   6;    5.100;   0;   6.3;  16.2;  987.10;   19.7;   71.00;   25.3;   15.1;   13.5;eor
       5705;20240724;   10;   8.5;   2.6;    9;   0.0;   0;    7.300;   0;   4.2;  15.2;  987.70;   18.4;   74.00;   23.5;   14.0;   12.6;eor
       5705;20240725;   10;   5.2;   1.2;    9;   0.2;   6;   12.500;   0;   4.0;  13.8;  984.20;   19.5;   64.00;   25.7;   12.1;   10.5;eor
       5705;20240726;   10;   7.1;   1.4;    9;  17.3;   6;    2.800;   0;   7.8;  17.4;  981.80;   19.8;   76.00;   25.2;   15.2;   14.3;eor
       5705;20240727;   10;   7.4;   1.3;    9;   9.2;   6;    0.800;   0;   7.9;  21.3;  983.50;   20.5;   89.00;   24.5;   18.1;   17.9;eor
       5705;20240728;   10;   9.9;   2.7;    9;   0.0;   0;   11.400;   0;   3.6;  15.6;  991.70;   19.3;   71.00;   24.3;   14.8;   12.9;eor
       5705;20240729;   10;   6.9;   2.1;    9;   0.0;   0;   14.000;   0;   0.3;  14.0;  991.90;   20.1;   63.00;   26.5;   12.6;   11.5;eor
       5705;20240730;   10;   7.4;   1.5;    9;   0.0;   0;   13.600;   0;   2.1;  14.8;  986.70;   22.6;   58.00;   31.0;   13.5;   11.8;eor
       5705;20240731;   10;   6.4;   1.6;    9;   0.0;   0;   10.600;   0;   3.0;  18.5;  982.80;   24.7;   62.00;   32.4;   16.3;   14.9;eor
       5705;20240801;    3;  11.8;   1.7;    9;   8.0;   6;    4.700;   0;   6.4;  21.1;  980.60;   21.4;   83.00;   27.9;   18.4;   17.5;eor
       5705;20240802;    3;   9.0;   2.5;    9;   0.0;   0;    6.100;   0;   5.1;  18.9;  980.30;   20.9;   78.00;   26.1;   17.3;   16.2;eor
       5705;20240803;    3;  10.2;   2.3;    9;  27.4;   6;    7.400;   0;   5.0;  19.5;  981.20;   19.8;   85.00;   26.0;   16.2;   14.8;eor
       5705;20240804;    3;  10.7;   2.9;    9;   0.0;   6;    3.700;   0;   7.2;  18.1;  983.40;   19.6;   80.00;   23.1;   16.4;   15.3;eor
       5705;20240805;    3;   5.8;   1.5;    9;   0.0;   0;   10.300;   0;   4.9;  15.4;  984.20;   19.9;   67.00;   25.3;   15.8;   14.0;eor
       5705;20240806;    3;   6.5;   1.3;    9;   0.0;   0;   13.500;   0;   3.3;  16.9;  981.70;   21.8;   67.00;   29.0;   13.6;   12.6;eor
       5705;20240807;    3;  16.4;   1.8;    9;  34.1;   6;    6.300;   0;   4.9;  19.6;  981.40;   20.6;   82.00;   27.8;   15.9;   15.2;eor
       5705;20240808;    3;   8.6;   2.3;    9;   0.0;   0;    7.400;   0;   5.1;  16.6;  985.50;   19.4;   76.00;   24.4;   14.8;   13.7;eor
       5705;20240809;    3;  10.0;   3.4;    9;   0.0;   0;   10.100;   0;   6.3;  17.0;  986.60;   20.5;   72.00;   26.4;   13.2;   12.5;eor
       5705;20240810;    3;  10.3;   2.6;    9;   0.0;   0;   10.700;   0;   1.6;  16.8;  989.40;   22.3;   64.00;   27.8;   16.5;   14.8;eor
       5705;20240811;    3;   5.8;   1.4;    9;   0.0;   0;   13.500;   0;   3.8;  16.5;  989.00;   22.7;   62.00;   29.7;   14.4;   13.1;eor
       5705;20240812;    3;   5.2;   1.3;    9;   0.0;   0;    9.900;   0;   4.8;  19.0;  983.10;   24.3;   64.00;   31.7;   17.1;   15.8;eor
       5705;20240813;    3;  15.9;   1.4;    9;   5.9;   6;   10.300;   0;   2.6;  21.8;  979.80;   25.8;   68.00;   34.2;   18.7;   17.5;eor
       5705;20240814;    3;   8.2;   2.4;    9;   0.0;   0;   11.200;   0;   5.6;  21.5;  981.00;   23.8;   75.00;   29.5;   19.1;   18.5;eor
       5705;20240815;    3;   6.5;   2.1;    9;   0.0;   0;   12.300;   0;   3.0;  19.1;  986.20;   22.8;   71.00;   28.7;   18.2;   17.2;eor
       5705;20240816;    3;   8.9;   1.9;    9;   0.0;   0;   10.500;   0;   1.5;  19.2;  985.40;   22.8;   71.00;   29.1;   16.4;   15.7;eor
       5705;20240817;    3;   7.2;   1.8;    9;   5.3;   6;    9.000;   0;   7.1;  18.9;  982.10;   22.3;   71.00;   27.8;   15.9;   14.7;eor
       5705;20240818;    3;   9.2;   2.3;    9;   1.5;   6;    0.400;   0;   8.0;  19.7;  979.10;   19.9;   85.00;   23.4;   16.5;   15.7;eor
       5705;20240819;    3;   7.4;   2.3;    9;   0.0;   0;    9.500;   0;   5.0;  15.0;  985.90;   18.8;   70.00;   23.6;   15.6;   14.2;eor
       5705;20240820;    3;   6.7;   2.0;    9;   0.0;   6;    4.900;   0;   3.7;  17.0;  982.90;   18.1;   82.00;   22.5;   13.6;   12.5;eor
       5705;20240821;    3;  11.0;   3.7;    9;   0.0;   0;    8.700;   0;   6.1;  13.2;  985.40;   17.8;   66.00;   22.1;   12.8;   11.6;eor
       5705;20240822;    3;   8.2;   2.2;    9;   0.0;   0;   12.100;   0;   5.1;  11.8;  983.70;   17.3;   63.00;   24.7;   10.8;   10.0;eor
       5705;20240823;    3;  14.8;   4.3;    9;   0.0;   0;   12.300;   0;   4.7;  13.4;  981.80;   20.0;   61.00;   27.5;   11.0;   10.0;eor
       5705;20240824;    3;  18.7;   4.1;    9;   4.6;   6;   11.900;   0;   2.0;  16.5;  980.90;   24.2;   58.00;   33.2;   14.5;   13.8;eor
       5705;20240825;    3;  17.0;   3.5;    9;   0.0;   0;    6.700;   0;   5.1;  14.4;  989.00;   18.2;   69.00;   22.9;   11.4;    9.4;eor
       5705;20240826;    3;   8.8;   1.3;    9;   0.0;   0;   12.800;   0;   0.2;  11.5;  991.30;   16.7;   65.00;   24.1;    9.1;    7.7;eor
       5705;20240827;    3;  11.0;   2.5;    9;   0.0;   0;   12.800;   0;   0.0;  13.7;  989.80;   19.3;   64.00;   27.5;   10.1;    8.7;eor
       5705;20240828;    3;   6.5;   1.5;    9;   0.0;   0;   12.700;   0;   0.0;  16.5;  986.40;   22.1;   64.00;   31.0;   13.5;   12.0;eor
       5705;20240829;    3;   7.6;   1.3;    9;   0.0;   0;   12.300;   0;   0.6;  17.1;  986.40;   24.2;   60.00;   33.6;   15.5;   14.2;eor
       5705;20240830;    3;   8.1;   1.5;    9;   0.0;   0;   11.100;   0;   5.2;  18.2;  986.80;   24.8;   62.00;   33.0;   17.0;   15.9;eor
       5705;20240831;    3;   9.4;   3.1;    9;   0.0;   0;   12.100;   0;   3.7;  18.7;  988.60;   23.4;   66.00;   29.6;   17.6;   17.2;eor
       5705;20240901;    3;   8.4;   3.4;    3;   0.0;   0;   11.600;   0;   4.9;  17.9;  985.00;   24.0;   62.00;   31.4;   17.3;   16.8;eor
       5705;20240902;    3;   8.6;   2.0;    3;   0.0;   0;    9.200;   0;   5.0;  18.3;  982.60;   21.8;   71.00;   27.8;   17.5;   16.3;eor
       5705;20240903;    3;  14.3;   1.4;    3;   3.2;   6;    7.100;   0;   6.3;  19.4;  983.90;   21.9;   76.00;   29.8;   17.7;   17.5;eor
       5705;20240904;    3;   6.8;   1.6;    3;   0.8;   6;    4.100;   0;   7.3;  20.5;  983.00;   20.4;   86.00;   25.0;   16.7;   16.1;eor
       5705;20240905;    3;  15.1;   5.1;    3;   0.0;   6;   11.600;   0;   3.2;  17.5;  976.80;   24.6;   61.00;   31.7;   17.4;   16.1;eor
       5705;20240906;    3;   7.6;   2.2;    3;   0.0;   6;    6.000;   0;   6.5;  18.6;  980.20;   21.1;   75.00;   25.8;   17.5;   15.9;eor
       5705;20240907;    3;   7.4;   2.0;    3;   0.0;   0;   11.600;   0;   1.5;  16.4;  981.10;   22.1;   66.00;   29.9;   15.1;   14.1;eor
       5705;20240908;    3;   9.5;   2.3;    3;  12.1;   6;    3.500;   0;   7.1;  17.0;  978.80;   18.9;   79.00;   26.8;   14.2;   14.2;eor
       5705;20240909;    3;  12.6;   3.8;    3;  13.0;   6;    2.800;   0;   7.5;  15.8;  975.30;   15.9;   88.00;   20.0;   14.5;   14.0;eor
       5705;20240910;    3;  11.9;   4.2;    3;   0.0;   6;    4.000;   0;   7.4;  13.4;  980.80;   15.4;   77.00;   19.1;   13.5;   12.8;eor
       5705;20240911;    3;  16.6;   4.7;    3;   2.1;   6;    0.200;   0;   7.9;  11.9;  976.90;   12.4;   83.00;   14.5;    8.8;    7.1;eor
       5705;20240912;    3;  12.2;   2.4;    3;   8.3;   6;    6.000;   0;   6.3;  10.0;  981.90;    9.8;   84.00;   15.4;    7.0;    5.5;eor
       5705;20240913;    3;   8.9;   2.7;    3;   0.0;   6;    5.000;   0;   7.9;   9.5;  988.10;   10.5;   76.00;   14.3;    6.1;    5.3;eor
       5705;20240914;    3;  11.5;   3.3;    3;   0.0;   0;    3.200;   0;   5.6;   8.8;  994.30;   11.6;   65.00;   16.4;    8.0;    5.8;eor
       5705;20240915;    3;   9.0;   2.7;    3;   1.1;   6;    6.400;   0;   5.2;   9.1;  993.00;   12.0;   66.00;   18.2;    6.9;    5.7;eor
       5705;20240916;    3;   6.4;   2.3;    3;   1.4;   6;    0.000;   0;   7.9;  11.8;  990.10;   12.4;   82.00;   14.2;   10.1;    9.6;eor
       5705;20240917;    3;  12.6;   3.8;    3;   0.0;   0;    4.000;   0;   7.0;  13.9;  991.60;   16.9;   73.00;   21.9;   12.4;   11.9;eor
       5705;20240918;    3;  17.3;   5.9;    3;   0.0;   0;   10.800;   0;   2.2;  13.6;  991.80;   19.0;   64.00;   24.7;   14.1;   13.1;eor
       5705;20240919;    3;  14.0;   5.1;    3;   0.0;   0;   10.000;   0;   0.7;  12.4;  989.60;   17.7;   62.00;   23.4;   13.5;   11.3;eor
       5705;20240920;    3;  12.5;   3.7;    3;   0.0;   0;   11.500;   0;   0.6;  12.3;  989.60;   17.2;   64.00;   23.5;   10.8;    8.8;eor
       5705;20240921;    3;   5.7;   1.6;    3;   0.0;   0;   11.500;   0;   0.0;  13.3;  988.60;   16.4;   73.00;   23.5;    9.9;    8.0;eor
       5705;20240922;    3;   5.2;   1.1;    3;   0.0;   0;   10.000;   0;   5.9;  13.8;  984.30;   16.5;   76.00;   23.8;    9.8;    8.3;eor
       5705;20240923;    3;   6.6;   1.8;    3;   1.8;   6;    3.000;   0;   7.8;  14.9;  979.20;   16.2;   82.00;   21.3;   11.7;   10.6;eor
       5705;20240924;    3;  15.8;   5.2;    3;   1.0;   6;    3.000;   0;   7.5;  13.7;  976.30;   14.9;   82.00;   18.3;   12.9;   12.3;eor
       5705;20240925;    3;  13.9;   5.0;    3;  11.7;   6;    3.200;   0;   7.3;  13.3;  976.50;   15.5;   76.00;   19.2;   11.7;   10.6;eor
       5705;20240926;    3;  15.5;   7.0;    3;   4.5;   6;    0.000;   0;   7.1;  15.6;  967.60;   15.1;   90.00;   18.2;   12.8;   12.5;eor
       5705;20240927;    3;  19.6;   6.9;    3;   1.4;   6;    4.900;   0;   3.2;  11.6;  972.70;   13.2;   76.00;   17.8;   10.0;    8.7;eor
       5705;20240928;    3;  12.1;   3.3;    3;   1.6;   6;    5.100;   0;   5.6;  10.2;  986.50;   10.7;   79.00;   15.2;    6.7;    4.4;eor
       5705;20240929;    3;   8.3;   3.2;    3;   0.0;   0;    6.300;   0;   4.9;   8.7;  994.70;    9.2;   76.00;   14.4;    4.1;    2.0;eor
       5705;20240930;    3;   9.2;   3.9;    3;   4.5;   6;    0.800;   0;   7.7;  11.0;  985.30;   10.7;   84.00;   13.3;    6.4;    4.8;eor
       5705;20241001;    3;  12.8;   4.1;    3;   2.4;   6;    6.117;   0;   6.9;  12.3;  979.19;   13.2;   81.54;   18.1;    9.7;    8.4;eor
       5705;20241002;    3;   7.4;   2.1;    3;  10.2;   6;    3.050;   0;   6.8;  11.7;  977.56;   11.2;   88.42;   15.9;    9.3;    9.2;eor
       5705;20241003;    3;   9.7;   2.5;    3;   0.5;   6;    0.450;   0;   7.4;  10.1;  983.14;   10.1;   82.21;   13.6;    7.5;    5.6;eor
       5705;20241004;    3;   8.2;   2.2;    3;   1.2;   6;    0.617;   0;   7.9;  10.5;  985.90;   10.5;   83.04;   13.3;    9.1;    8.1;eor
       5705;20241005;    3;   8.0;   2.3;    3;   0.0;   6;    1.667;   0;   6.8;  10.2;  985.89;   10.1;   82.63;   14.4;    6.3;    4.6;eor
       5705;20241006;    3;   8.3;   2.3;    3;   1.3;   6;    0.000;   0;   6.0;   9.3;  979.79;    7.6;   89.08;   11.3;    3.3;    1.8;eor
       5705;20241007;    3;   8.5;   1.7;    3;  21.5;   6;    0.817;   0;   7.7;  14.6;  975.39;   13.0;   96.04;   16.0;    8.4;    8.5;eor
       5705;20241008;    3;   5.5;   2.0;    3;   9.7;   6;    0.383;   0;   7.7;  15.4;  972.44;   14.0;   95.83;   16.7;   11.7;   10.7;eor
       5705;20241009;    3;  13.3;   3.7;    3;   1.9;   6;    3.833;   0;   7.2;  13.5;  965.24;   14.4;   83.17;   18.8;   10.2;    9.0;eor
       5705;20241010;    3;  29.3;   6.1;    3;   9.2;   6;    2.467;   0;   7.5;  13.2;  967.30;   13.6;   84.75;   18.7;   10.7;    9.6;eor
       5705;20241011;    3;   8.1;   1.9;    3;   0.9;   6;    3.600;   0;   5.4;  10.1;  983.84;    9.0;   88.04;   12.7;    3.7;    2.1;eor
       5705;20241012;    3;  12.3;   2.6;    3;   1.1;   6;    2.717;   0;   7.5;   9.6;  982.89;    8.0;   88.83;   13.4;    2.0;    1.9;eor
       5705;20241013;    3;  14.6;   5.4;    3;   0.0;   0;    4.617;   0;   7.3;   9.4;  983.95;   10.7;   72.71;   13.8;    4.8;    3.3;eor
       5705;20241014;    3;   6.4;   1.4;    3;   5.4;   6;    0.033;   0;   7.6;   9.2;  986.84;    6.9;   91.54;    9.5;    3.1;    1.7;eor
       5705;20241015;    3;  11.4;   3.5;    3;   0.0;   0;    0.217;   0;   8.0;  10.6;  989.59;    9.5;   89.38;   11.6;    6.4;    6.0;eor
       5705;20241016;    3;  10.1;   5.5;    3;   0.0;   6;    7.200;   0;   7.3;  11.1;  984.99;   12.9;   75.38;   17.4;    9.8;    9.2;eor
       5705;20241017;    3;   8.1;   2.5;    3;   0.0;   0;    4.867;   0;   7.6;  12.1;  984.13;   13.1;   79.88;   18.4;    9.2;    8.5;eor
       5705;20241018;    3;   5.9;   1.8;    3;   0.8;   4;    1.150;   0;   7.8;  12.4;  983.08;   12.2;   87.21;   14.4;    9.4;    8.0;eor
       5705;20241019;    3;   6.9;   2.3;    3;   0.0;   0;    2.400;   0;   7.5;  13.9;  986.88;   13.9;   87.58;   17.1;   11.5;   10.4;eor
       5705;20241020;    3;   5.8;   1.8;    3;   0.0;   0;    2.817;   0;   7.7;  13.4;  991.10;   13.1;   89.13;   17.6;   10.4;    9.8;eor
       5705;20241021;    3;   5.6;   2.5;    3;   0.0;   0;    0.283;   0;   7.1;  13.6;  993.66;   14.3;   84.13;   19.7;   10.9;    9.0;eor
       5705;20241022;    3;   7.1;   2.0;    3;   0.1;   4;    2.583;   0;   7.2;  12.2;  996.02;   12.5;   84.29;   17.2;    7.3;    5.3;eor
       5705;20241023;    3;   6.6;   2.1;    3;   0.0;   4;    6.733;   0;   3.4;   9.3; 1001.77;    8.7;   83.79;   15.2;    4.7;    5.0;eor
       5705;20241024;    3;   7.2;   2.4;    3;   0.0;   0;    0.000;   0;   7.3;  11.0;  995.08;   10.7;   85.54;   13.1;    7.1;    6.4;eor
       5705;20241025;    3;   7.1;   2.5;    3;   0.0;   0;    2.650;   0;   6.1;  11.7;  990.36;   10.9;   89.33;   15.0;    8.1;    6.2;eor
       5705;20241026;    3;   7.0;   3.0;    3;   0.0;   0;    1.800;   0;   7.3;  11.6;  987.91;   11.0;   88.46;   13.9;    9.5;    7.1;eor
       5705;20241027;    3;   6.5;   2.2;    3;   0.0;   0;    0.283;   0;   7.7;  12.4;  990.46;   12.0;   88.54;   14.2;   10.5;   10.2;eor
       5705;20241028;    3;   5.6;   1.6;    3;   0.0;   0;    5.367;   0;   6.3;  12.6;  994.28;   12.3;   88.42;   19.3;    8.6;    9.0;eor
       5705;20241029;    3;   4.3;   1.2;    3;   0.2;   4;    3.083;   0;   6.3;  12.5;  994.21;   12.5;   86.75;   18.2;    8.6;    6.9;eor
       5705;20241030;    3;   3.6;   1.1;    3;   0.1;   4;    0.000;   0;   8.0;  11.5;  995.83;    9.6;   96.13;   11.2;    7.2;    7.5;eor
       5705;20241031;    3;   7.0;   1.4;    3;   0.1;   6;    0.533;   0;   8.0;  11.5;  995.92;   11.3;   85.75;   14.9;    8.5;    8.7;eor
       5705;20241101;    3;   6.0;   2.3;    3;   0.1;   6;    0.000;   0;   8.0;  10.6;  993.35;    9.7;   87.71;   10.9;    8.5;    8.6;eor
       5705;20241102;    3;   7.6;   1.5;    3;   0.0;   0;    0.267;   0;   7.6;  10.0;  997.36;    9.3;   85.25;   12.6;    5.8;    4.1;eor
       5705;20241103;    3;   6.0;   1.8;    3;   0.0;   0;    8.567;   0;   4.5;   8.2;  998.30;    7.3;   80.96;   13.5;    3.1;    0.2;eor
       5705;20241104;    3;   3.5;   1.0;    3;   0.0;   0;    2.283;   0;   4.5;   7.4;  996.74;    3.4;   94.00;    8.1;    0.6;   -1.1;eor
       5705;20241105;    3;   7.3;   3.2;    3;   0.6;   6;    0.000;   0;   6.9;   7.5;  994.27;    3.8;   92.96;    6.1;    0.3;   -1.6;eor
       5705;20241106;    3;   4.8;   1.3;    3;   0.0;   0;    0.000;   0;   8.0;   8.2;  997.71;    5.4;   90.67;    6.3;    4.4;    4.4;eor
       5705;20241107;    1;   5.7;   2.2;    1;   0.0;   6;    0.000;   0;   8.0;   7.5;  999.80;    5.4;   83.42;    6.3;    4.3;    4.3;eor
       5705;20241108;    1;   8.4;   3.5;    1;   0.1;   6;    0.000;   0;   8.0;   7.7;  996.14;    5.1;   87.21;    6.4;    4.0;    3.8;eor
       5705;20241109;    1;   6.9;   2.8;    1;   0.0;   0;    0.000;   0;   8.0;   7.8;  995.11;    4.9;   89.75;    5.5;    4.4;    4.6;eor
       5705;20241110;    1;   3.9;   1.4;    1;   0.0;   0;    0.000;   0;   8.0;   7.6;  996.16;    4.0;   93.50;    4.6;    3.3;    3.6;eor
       5705;20241111;    1;   6.0;   1.4;    1;   6.1;   6;    0.000;   0;   7.8;   8.1;  995.92;    4.6;   95.21;    5.6;    3.1;    3.4;eor
       5705;20241112;    1;   9.9;   2.9;    1;   0.0;   0;    0.100;   0;   7.9;   8.1;  996.32;    5.9;   87.13;    8.0;    4.1;    4.0;eor
       5705;20241113;    1;   4.2;   1.6;    1;   1.7;   6;    0.000;   0;   7.9;   7.2;  997.79;    4.0;   87.83;    5.8;    3.0;    3.0;eor
       5705;20241114;    1;   5.6;   2.1;    1;   1.0;   6;    0.000;   0;   7.9;   8.3;  994.87;    5.1;   94.21;    6.6;    3.6;    2.2;eor
       5705;20241115;    1;   3.3;   1.1;    1;   0.0;   0;    0.000;   0;   7.9;   8.7;  994.56;    6.7;   89.13;    8.2;    5.5;    4.4;eor
       5705;20241116;    1;   6.9;   2.5;    1;   0.0;   0;    0.100;   0;   7.9;   6.8;  988.34;    4.7;   80.17;    6.5;    1.8;    1.3;eor
       5705;20241117;    1;  13.5;   6.0;    1;   5.2;   6;    0.000;   0;   7.6;   7.0;  981.48;    4.3;   84.29;    5.2;    3.4;    2.4;eor
       5705;20241118;    1;  17.3;   4.2;    1;  10.1;   6;    0.000;   0;   7.2;   7.8;  979.28;    4.8;   90.92;    6.2;    3.8;    3.0;eor
       5705;20241119;    1;  22.4;   8.6;    1;  13.7;   6;    0.000;   0;   7.7;   9.2;  966.49;    7.9;   86.83;   11.1;    3.2;    2.8;eor
       5705;20241120;    1;  16.4;   6.1;    1;   0.7;   8;    0.733;   0;   7.0;   5.5;  969.47;    2.3;   76.33;    4.5;   -0.3;   -2.0;eor
       5705;20241121;    1;  11.4;   3.7;    1;   0.1;   8;    0.583;   0;   7.5;   5.1;  967.79;    0.3;   81.96;    2.3;   -1.9;   -3.5;eor
       5705;20241122;    1;  16.2;   5.9;    1;   0.4;   8;    2.283;   0;   6.3;   4.9;  973.30;    0.0;   79.63;    3.0;   -2.4;   -4.2;eor
       5705;20241123;    1;  10.6;   4.8;    1;   0.4;   6;    1.800;   0;   7.2;   5.6;  988.20;    2.8;   74.88;    4.7;    1.3;   -0.3;eor
       5705;20241124;    1;   6.7;   2.6;    1;   0.0;   0;    5.150;   0;   7.3;   8.2;  985.29;    9.3;   68.67;   15.6;    3.6;    2.4;eor
       5705;20241125;    1;  12.3;   2.2;    1;   2.1;   6;    0.550;   0;   7.9;   8.7;  980.72;    8.9;   75.75;   13.4;    4.2;    2.0;eor
       5705;20241126;    1;  10.2;   3.2;    1;   0.4;   6;    1.617;   0;   6.4;   9.5;  987.75;    8.6;   84.88;   11.7;    4.6;    2.6;eor
       5705;20241127;    1;  16.3;   4.1;    1;   0.2;   6;    2.833;   0;   6.9;   8.5;  987.86;    7.3;   83.58;   11.9;    2.3;    1.0;eor
       5705;20241128;    1;  14.2;   5.8;    1;   0.0;   6;    2.833;   0;   6.5;   7.2;  990.35;    6.9;   71.67;   10.6;    4.2;    2.4;eor
       5705;20241129;    1;   6.3;   2.0;    1;   0.0;   0;    3.717;   0;   5.0;   6.3; 1000.16;    3.5;   80.13;    7.1;   -1.0;   -4.0;eor
       5705;20241130;    1;   6.4;   2.0;    1;   0.0;   0;    8.117;   0;   3.4;   5.3;  998.97;    0.8;   82.79;    5.7;   -2.8;   -5.5;eor
       5705;20241201;    1;   7.0;   2.2;    1;   0.0;   6;    0.000;   0;   5.3;   4.9;  993.91;   -1.8;   92.08;   -0.4;   -5.3;   -7.0;eor
       5705;20241202;    1;   6.2;   1.9;    1;   3.4;   6;    0.000;   0;   7.8;   6.2;  986.88;    1.3;   91.54;    3.5;   -1.6;   -2.1;eor
       5705;20241203;    1;   9.7;   2.7;    1;   0.4;   6;    0.117;   0;   6.5;   7.5;  986.26;    4.3;   89.71;    6.7;    1.7;   -1.5;eor
       5705;20241204;    1;   5.6;   1.6;    1;   0.0;   0;    0.483;   0;   6.3;   6.0;  993.33;    1.3;   89.33;    3.6;   -1.4;   -3.8;eor
       5705;20241205;    1;   9.2;   3.2;    1;   6.1;   6;    3.950;   0;   7.3;   5.9;  990.35;    1.7;   86.00;    4.6;   -0.4;   -1.4;eor
       5705;20241206;    1;  21.4;   8.7;    1;   0.8;   6;    0.183;   0;   7.4;   7.5;  977.83;    6.5;   77.79;    8.3;    4.0;    3.5;eor
       5705;20241207;    1;  10.5;   4.4;    1;   8.6;   6;    0.000;   0;   7.5;   7.2;  974.49;    4.2;   87.58;    6.6;    1.7;    0.5;eor
       5705;20241208;    1;   8.6;   2.1;    1;   0.0;   6;    3.283;   0;   6.3;   7.1;  975.82;    3.9;   87.33;    5.3;    0.5;   -2.0;eor
       5705;20241209;    1;  11.9;   3.5;    1;   0.6;   6;    0.117;   0;   7.9;   6.3;  987.30;    3.1;   82.00;    4.7;    2.1;    1.6;eor
       5705;20241210;    1;  10.3;   3.6;    1;   1.1;   6;    0.000;   0;   7.5;   6.5;  993.20;    2.4;   88.92;    3.0;    1.8;    1.6;eor
       5705;20241211;    1;   8.3;   2.4;    1;   0.0;   0;    0.000;   0;   7.9;   5.6;  996.73;    1.3;   83.50;    1.8;    0.9;    0.2;eor
       5705;20241212;    1;   5.4;   1.8;    1;   0.0;   0;    0.000;   0;   8.0;   5.2;  998.28;    0.5;   82.58;    1.4;   -0.6;   -0.5;eor
       5705;20241213;    1;   8.2;   3.6;    1;   0.0;   0;    0.000;   0;   8.0;   5.2;  995.85;    0.1;   84.38;    0.7;   -0.9;   -0.9;eor
       5705;20241214;    1;  12.1;   3.5;    1;   0.0;   8;    1.167;   0;   7.9;   5.3;  988.88;    0.6;   83.08;    2.5;   -0.9;   -1.1;eor
       5705;20241215;    1;  13.6;   5.7;    1;   0.0;   6;    0.350;   0;   7.8;   6.5;  995.50;    3.1;   84.58;    5.1;    1.2;    0.4;eor
       5705;20241216;    1;  10.9;   4.5;    1;   0.5;   6;    0.000;   0;   7.8;   8.5;  999.85;    6.5;   88.17;    7.8;    4.6;    4.3;eor
       5705;20241217;    1;   8.8;-999;    1;   0.0;   4;    0.000;   0;  -999;  -999;    -999;    6.2;-999;    7.4;    4.8;    4.1;eor
       5705;20241218;    1;  11.7;   3.9;    1;   0.0;   6;    2.000;   0;   7.8;   7.8;  987.72;    7.7;   76.13;   11.4;    2.9;    1.3;eor
       5705;20241219;    1;  15.5;   6.5;    1;   4.5;   6;    0.533;   0;   7.6;   9.5;  973.33;    8.6;   83.42;   11.4;    3.5;    2.4;eor
       5705;20241220;    1;  11.9;   5.3;    1;   0.0;   6;    2.750;   0;   6.1;   6.1;  987.05;    3.1;   79.38;    5.9;   -0.1;   -1.7;eor
       5705;20241221;    1;  17.2;   7.1;    1;   2.5;   6;    0.117;   0;   7.5;   6.6;  985.62;    4.0;   79.96;    6.0;    0.6;   -0.7;eor
       5705;20241222;    1;  17.8;   7.4;    1;   0.5;   6;    0.617;   0;   6.6;   6.9;  971.07;    4.4;   82.42;    7.3;   -0.3;   -2.0;eor
       5705;20241223;    1;   8.4;   3.4;    1;   0.1;   6;    0.783;   0;   6.0;   6.0;  980.50;    2.1;   83.54;    4.3;   -0.4;   -1.9;eor
       5705;20241224;    1;   7.2;   2.5;    1;   0.0;   0;    1.950;   0;   5.0;   6.1;  995.21;    2.3;   84.29;    4.5;    0.6;   -1.6;eor
       5705;20241225;    1;   5.2;   1.7;    1;   0.0;   0;    2.667;   0;   4.8;   5.9; 1003.32;    1.6;   86.42;    5.9;   -0.6;   -2.8;eor
       5705;20241226;    1;   5.6;   1.4;    1;   0.0;   0;    6.333;   0;   1.6;   5.4; 1004.55;    0.0;   88.75;    4.9;   -2.8;   -4.7;eor
       5705;20241227;    1;   3.9;   0.9;    1;   0.0;   0;    7.383;   0;   4.8;   4.9; 1001.71;   -1.0;   86.75;    4.1;   -4.7;   -6.3;eor
       5705;20241228;    1;   4.2;   1.4;    1;   0.0;   0;    0.000;   0;   6.2;   4.8;  998.79;   -2.4;   93.50;   -1.2;   -5.0;   -6.1;eor
       5705;20241229;    1;   5.4;   1.8;    1;   0.0;   6;    0.000;   0;   8.0;   5.1;  998.07;   -1.7;   94.25;   -1.0;   -2.4;   -2.1;eor
       5705;20241230;    1;   5.9;   2.6;    1;   0.0;   8;    0.000;   0;   8.0;   5.1;  999.39;   -1.7;   93.75;   -1.1;   -2.4;   -2.1;eor
       5705;20241231;    1;   5.5;   2.3;    1;   0.0;   8;    0.100;   0;   7.2;   4.7;  996.98;   -2.7;   94.13;   -2.0;   -3.7;   -5.6;eor
       5705;20250101;    1;  15.8;   5.5;    1;   0.5;   6;    5.017;   0;   7.4;   5.1;  988.37;    2.5;   71.96;    9.4;   -3.2;   -5.1;eor
       5705;20250102;    1;  21.2;   4.2;    1;  17.3;   8;    0.000;   0;   7.5;   6.1;  980.92;    3.2;   81.38;    9.5;   -0.1;   -1.7;eor
       5705;20250103;    1;  13.4;   5.7;    1;   0.1;   8;    2.067;   0;   6.9;   5.1;  986.89;    0.5;   79.88;    2.0;   -0.7;   -1.1;eor
       5705;20250104;    1;   6.9;   2.7;    1;   2.0;   7;    0.050;   0;   7.9;   4.7;  987.51;   -1.1;   83.63;    0.2;   -2.7;   -4.1;eor
       5705;20250105;    1;   9.9;   3.1;    1;  10.3;   8;    0.000;   1;   7.6;   6.8;  971.60;    2.1;   92.50;    8.1;   -2.1;   -2.3;eor
       5705;20250106;    1;  18.9;   5.9;    1;   0.1;   6;    2.833;   0;   7.5;   8.1;  964.62;    9.1;   70.96;   14.8;    5.6;    4.0;eor
       5705;20250107;    1;  30.0;   7.5;    1;   1.2;   8;    2.750;   0;   5.6;   5.9;  971.74;    5.0;   67.96;    7.2;    1.5;    0.0;eor
       5705;20250108;    1;  11.1;   4.5;    1;   4.0;   8;    0.000;   0;   7.5;   6.2;  973.08;    2.0;   87.79;    4.0;   -0.1;   -0.1;eor
       5705;20250109;    1;  24.9;   5.9;    1;   4.4;   8;    1.217;   0;   7.3;   8.1;  969.33;    6.0;   84.42;   10.6;    1.0;   -0.3;eor
       5705;20250110;    1;  11.9;   4.4;    1;   0.0;   7;    0.883;   0;   5.8;   5.0;  985.74;    1.1;   75.04;    3.3;   -1.1;   -3.8;eor
       5705;20250111;    1;   8.1;   2.9;    1;   0.0;   7;    5.550;   0;   5.4;   4.7;  991.81;    0.3;   75.46;    3.3;   -2.1;   -4.1;eor
       5705;20250112;    1;   8.2;   2.6;    1;   0.0;   0;    8.150;   0;   1.2;   4.2; 1002.59;   -0.2;   70.17;    3.0;   -4.2;   -7.2;eor
       5705;20250113;    1;   6.4;   1.8;    1;   0.0;   0;    3.000;   0;   4.4;   3.8; 1008.27;   -3.3;   79.75;    0.5;   -6.9;   -9.2;eor
       5705;20250114;    1;   4.1;   1.2;    1;   0.2;   6;    6.017;   0;   4.9;   4.0; 1002.85;   -2.3;   77.54;    1.6;   -6.5;   -9.2;eor
       5705;20250115;    1;   5.7;   1.6;    1;   0.0;   6;    0.000;   0;   7.9;   6.1;  999.63;    1.6;   89.13;    2.8;   -0.4;   -0.7;eor
       5705;20250116;    1;   6.9;   2.8;    1;   0.0;   0;    6.117;   0;   3.6;   6.0; 1003.97;    2.6;   82.29;    7.4;   -1.5;   -4.4;eor
       5705;20250117;    1;   5.3;   2.4;    1;   0.0;   0;    0.000;   0;   7.7;   5.5; 1004.64;   -0.6;   92.92;    0.2;   -1.7;   -3.9;eor
       5705;20250118;    1;   6.2;   2.3;    1;   0.0;   0;    5.833;   0;   3.5;   5.2;  998.72;    0.4;   83.75;    4.6;   -2.3;   -5.2;eor
